1, 2.377
2, 2.38
3, 2.377
4, 2.383
5, 2.38
6, 2.383
7, 2.38
8, 2.38
9, 2.38
10, 2.38
11, 2.38
12, 2.383
13, 2.383
14, 2.377
15, 2.383
16, 2.38
17, 2.383
18, 2.383
19, 2.383
20, 2.38
21, 2.377
22, 2.383
23, 2.38
24, 2.38
25, 2.383
26, 2.38
27, 2.377
28, 2.374
29, 2.383
30, 2.383
31, 2.383
32, 2.383
33, 2.38
34, 2.38
35, 2.38
36, 2.38
37, 2.377
38, 2.38
39, 2.374
40, 2.377
41, 2.377
42, 2.377
43, 2.38
44, 2.38
45, 2.38
46, 2.38
47, 2.383
48, 2.383
49, 2.383
50, 2.383
51, 2.383
52, 2.383
53, 2.383
54, 2.383
55, 2.383
56, 2.38
57, 2.383
58, 2.383
59, 2.383
60, 2.383
61, 2.38
62, 2.38
63, 2.383
64, 2.38
65, 2.38
66, 2.38
67, 2.383
68, 2.383
69, 2.383
70, 2.383
71, 2.383
72, 2.38
73, 2.383
74, 2.38
75, 2.383
76, 2.38
77, 2.383
78, 2.383
79, 2.383
80, 2.383
81, 2.38
82, 2.38
83, 2.38
84, 2.383
85, 2.383
86, 2.383
87, 2.38
88, 2.383
89, 2.383
90, 2.383
91, 2.38
92, 2.383
93, 2.383
94, 2.383
95, 2.383
96, 2.383
97, 2.38
98, 2.38
99, 2.38
100, 2.38
101, 2.383
102, 2.38
103, 2.38
104, 2.38
105, 2.38
106, 2.38
107, 2.38
108, 2.38
109, 2.38
110, 2.38
111, 2.38
112, 2.371
113, 2.383
114, 2.38
115, 2.383
116, 2.383
117, 2.377
118, 2.38
119, 2.383
120, 2.383
121, 2.383
122, 2.383
123, 2.38
124, 2.383
125, 2.383
126, 2.383
127, 2.38
128, 2.383
129, 2.383
130, 2.383
131, 2.383
132, 2.38
133, 2.383
134, 2.383
135, 2.383
136, 2.38
137, 2.377
138, 2.377
139, 2.38
140, 2.38
141, 2.383
142, 2.383
143, 2.383
144, 2.383
145, 2.383
146, 2.383
147, 2.38
148, 2.383
149, 2.383
150, 2.383
151, 2.383
152, 2.38
153, 2.383
154, 2.38
155, 2.383
156, 2.383
157, 2.383
158, 2.38
159, 2.38
160, 2.38
161, 2.38
162, 2.383
163, 2.383
164, 2.38
165, 2.383
166, 2.383
167, 2.383
168, 2.38
169, 2.383
170, 2.377
171, 2.383
172, 2.383
173, 2.383
174, 2.383
175, 2.383
176, 2.383
177, 2.383
178, 2.38
179, 2.383
180, 2.383
181, 2.383
182, 2.38
183, 2.383
184, 2.383
185, 2.383
186, 2.38
187, 2.38
188, 2.38
189, 2.383
190, 2.383
191, 2.383
192, 2.38
193, 2.38
194, 2.38
195, 2.38
196, 2.38
197, 2.38
198, 2.38
199, 2.38
200, 2.38
201, 2.38
202, 2.38
203, 2.38
204, 2.38
205, 2.377
206, 2.38
207, 2.38
208, 2.377
209, 2.377
210, 2.377
211, 2.38
212, 2.377
213, 2.377
214, 2.38
215, 2.38
216, 2.392
217, 2.392
218, 2.389
219, 2.392
220, 2.392
221, 2.392
222, 2.392
223, 2.389
224, 2.392
225, 2.392
226, 2.389
227, 2.392
228, 2.392
229, 2.392
230, 2.389
231, 2.389
232, 2.389
233, 2.392
234, 2.392
235, 2.392
236, 2.392
237, 2.392
238, 2.392
239, 2.392
240, 2.392
241, 2.392
242, 2.392
243, 2.392
244, 2.392
245, 2.392
246, 2.392
247, 2.389
248, 2.395
249, 2.392
250, 2.392
251, 2.392
252, 2.392
253, 2.392
254, 2.392
255, 2.389
256, 2.392
257, 2.392
258, 2.392
259, 2.392
260, 2.392
261, 2.389
262, 2.392
263, 2.389
264, 2.392
265, 2.389
266, 2.392
267, 2.392
268, 2.392
269, 2.392
270, 2.392
271, 2.389
272, 2.392
273, 2.392
274, 2.392
275, 2.392
276, 2.392
277, 2.392
278, 2.392
279, 2.392
280, 2.389
281, 2.392
282, 2.392
283, 2.392
284, 2.392
285, 2.392
286, 2.392
287, 2.386
288, 2.383
289, 2.389
290, 2.389
291, 2.368
292, 2.389
293, 2.389
294, 2.389
295, 2.35
296, 2.38
297, 2.386
298, 2.389
299, 2.389
300, 2.389
301, 2.389
302, 2.362
303, 2.383
304, 2.386
305, 2.389
306, 2.389
307, 2.389
308, 2.386
309, 2.386
310, 2.386
311, 2.389
312, 2.389
313, 2.359
314, 2.386
315, 2.389
316, 2.389
317, 2.386
318, 2.389
319, 2.389
320, 2.389
321, 2.389
322, 2.359
323, 2.389
324, 2.389
325, 2.389
326, 2.389
327, 2.389
328, 2.383
329, 2.392
330, 2.392
331, 2.392
332, 2.392
333, 2.392
334, 2.392
335, 2.392
336, 2.389
337, 2.392
338, 2.389
339, 2.392
340, 2.392
341, 2.389
342, 2.389
343, 2.389
344, 2.389
345, 2.392
346, 2.392
347, 2.392
348, 2.389
349, 2.392
350, 2.395
351, 2.389
352, 2.392
353, 2.389
354, 2.392
355, 2.389
356, 2.392
357, 2.392
358, 2.389
359, 2.389
360, 2.392
361, 2.392
362, 2.389
363, 2.392
364, 2.392
365, 2.392
366, 2.392
367, 2.389
368, 2.392
369, 2.389
370, 2.389
371, 2.389
372, 2.389
373, 2.392
374, 2.392
375, 2.389
376, 2.392
377, 2.392
378, 2.392
379, 2.389
380, 2.392
381, 2.392
382, 2.392
383, 2.392
384, 2.392
385, 2.392
386, 2.392
387, 2.392
388, 2.392
389, 2.392
390, 2.392
391, 2.392
392, 2.392
393, 2.392
394, 2.389
395, 2.389
396, 2.392
397, 2.392
398, 2.392
399, 2.392
400, 2.389
401, 2.389
402, 2.392
403, 2.392
404, 2.386
405, 2.395
406, 2.392
407, 2.392
408, 2.389
409, 2.392
410, 2.392
411, 2.392
412, 2.392
413, 2.392
414, 2.389
415, 2.392
416, 2.392
417, 2.389
418, 2.392
419, 2.389
420, 2.389
421, 2.392
422, 2.392
423, 2.392
424, 2.389
425, 2.392
426, 2.392
427, 2.389
428, 2.386
429, 2.392
430, 2.392
431, 2.392
432, 2.392
433, 2.392
434, 2.389
435, 2.392
436, 2.392
437, 2.392
438, 2.392
439, 2.392
440, 2.392
441, 2.392
442, 2.389
443, 2.392
444, 2.395
445, 2.395
446, 2.392
447, 2.392
448, 2.392
449, 2.392
450, 2.392
451, 2.392
452, 2.392
453, 2.392
454, 2.392
455, 2.392
456, 2.395
457, 2.392
458, 2.395
459, 2.392
460, 2.392
461, 2.392
462, 2.389
463, 2.392
464, 2.395
465, 2.389
466, 2.392
467, 2.392
468, 2.392
469, 2.392
470, 2.392
471, 2.392
472, 2.389
473, 2.389
474, 2.389
475, 2.392
476, 2.392
477, 2.392
478, 2.392
479, 2.392
480, 2.389
481, 2.392
482, 2.392
483, 2.392
484, 2.392
485, 2.392
486, 2.392
487, 2.392
488, 2.392
489, 2.392
490, 2.392
491, 2.392
492, 2.392
493, 2.392
494, 2.389
495, 2.392
496, 2.392
497, 2.389
498, 2.383
499, 2.389
500, 2.386
501, 2.389
502, 2.389
503, 2.377
504, 2.374
505, 2.377
506, 2.377
507, 2.377
508, 2.377
509, 2.371
510, 2.374
511, 2.377
512, 2.377
513, 2.377
514, 2.374
515, 2.377
516, 2.377
517, 2.377
518, 2.377
519, 2.374
520, 2.377
521, 2.377
522, 2.377
523, 2.38
524, 2.377
525, 2.377
526, 2.377
527, 2.377
528, 2.377
529, 2.377
530, 2.38
531, 2.38
532, 2.38
533, 2.38
534, 2.377
535, 2.365
536, 2.377
537, 2.377
538, 2.377
539, 2.377
540, 2.377
541, 2.38
542, 2.377
543, 2.377
544, 2.377
545, 2.377
546, 2.377
547, 2.377
548, 2.374
549, 2.377
550, 2.374
551, 2.377
552, 2.38
553, 2.377
554, 2.377
555, 2.377
556, 2.377
557, 2.374
558, 2.38
559, 2.377
560, 2.383
561, 2.383
562, 2.38
563, 2.38
564, 2.383
565, 2.38
566, 2.383
567, 2.383
568, 2.383
569, 2.38
570, 2.38
571, 2.38
572, 2.383
573, 2.392
574, 2.392
575, 2.392
576, 2.392
577, 2.392
578, 2.392
579, 2.392
580, 2.392
581, 2.389
582, 2.392
583, 2.392
584, 2.392
585, 2.395
586, 2.392
587, 2.392
588, 2.392
589, 2.389
590, 2.392
591, 2.389
592, 2.392
593, 2.392
594, 2.392
595, 2.392
596, 2.392
597, 2.392
598, 2.392
599, 2.392
600, 2.389
601, 2.395
602, 2.392
603, 2.389
604, 2.392
605, 2.392
606, 2.392
607, 2.392
608, 2.392
609, 2.392
610, 2.392
611, 2.389
612, 2.392
613, 2.392
614, 2.392
615, 2.392
616, 2.392
617, 2.392
618, 2.392
619, 2.392
620, 2.392
621, 2.392
622, 2.392
623, 2.392
624, 2.392
625, 2.392
626, 2.392
627, 2.386
628, 2.389
629, 2.389
630, 2.389
631, 2.392
632, 2.392
633, 2.392
634, 2.389
635, 2.392
636, 2.392
637, 2.392
638, 2.389
639, 2.389
640, 2.392
641, 2.392
642, 2.392
643, 2.392
644, 2.392
645, 2.392
646, 2.386
647, 2.389
648, 2.389
649, 2.392
650, 2.392
651, 2.392
652, 2.392
653, 2.392
654, 2.392
655, 2.392
656, 2.392
657, 2.392
658, 2.392
659, 2.395
660, 2.392
661, 2.392
662, 2.392
663, 2.392
664, 2.392
665, 2.392
666, 2.392
667, 2.392
668, 2.392
669, 2.392
670, 2.392
671, 2.392
672, 2.389
673, 2.392
674, 2.392
675, 2.392
676, 2.395
677, 2.392
678, 2.392
679, 2.392
680, 2.389
681, 2.392
682, 2.392
683, 2.392
684, 2.392
685, 2.392
686, 2.392
687, 2.395
688, 2.392
689, 2.395
690, 2.395
691, 2.392
692, 2.392
693, 2.392
694, 2.392
695, 2.392
696, 2.392
697, 2.392
698, 2.392
699, 2.392
700, 2.392
701, 2.392
702, 2.392
703, 2.395
704, 2.392
705, 2.392
706, 2.389
707, 2.392
708, 2.395
709, 2.395
710, 2.392
711, 2.392
712, 2.392
713, 2.392
714, 2.395
715, 2.392
716, 2.392
717, 2.392
718, 2.392
719, 2.392
720, 2.392
721, 2.392
722, 2.392
723, 2.392
724, 2.395
725, 2.392
726, 2.392
727, 2.392
728, 2.392
729, 2.389
730, 2.389
731, 2.389
732, 2.389
733, 2.392
734, 2.392
735, 2.392
736, 2.392
737, 2.395
738, 2.392
739, 2.395
740, 2.389
741, 2.389
742, 2.392
743, 2.389
744, 2.392
745, 2.392
746, 2.392
747, 2.392
748, 2.389
749, 2.389
750, 2.392
751, 2.389
752, 2.392
753, 2.392
754, 2.392
755, 2.392
756, 2.392
757, 2.389
758, 2.389
759, 2.389
760, 2.392
761, 2.389
762, 2.392
763, 2.392
764, 2.389
765, 2.392
766, 2.389
767, 2.392
768, 2.389
769, 2.392
770, 2.389
771, 2.389
772, 2.392
773, 2.389
774, 2.392
775, 2.389
776, 2.392
777, 2.389
778, 2.389
779, 2.392
780, 2.392
781, 2.392
782, 2.386
783, 2.392
784, 2.389
785, 2.392
786, 2.392
787, 2.392
788, 2.392
789, 2.392
790, 2.392
791, 2.392
792, 2.392
793, 2.392
794, 2.389
795, 2.392
796, 2.389
797, 2.389
798, 2.392
799, 2.392
800, 2.392
801, 2.389
802, 2.392
803, 2.389
804, 2.392
805, 2.392
806, 2.389
807, 2.389
808, 2.392
809, 2.389
810, 2.392
811, 2.389
812, 2.392
813, 2.389
814, 2.389
815, 2.392
816, 2.392
817, 2.392
818, 2.392
819, 2.389
820, 2.392
821, 2.392
822, 2.392
823, 2.392
824, 2.392
825, 2.392
826, 2.392
827, 2.392
828, 2.392
829, 2.389
830, 2.389
831, 2.392
832, 2.392
833, 2.392
834, 2.392
835, 2.392
836, 2.392
837, 2.395
838, 2.392
839, 2.392
840, 2.392
841, 2.395
842, 2.392
843, 2.392
844, 2.392
845, 2.395
846, 2.392
847, 2.392
848, 2.392
849, 2.389
850, 2.392
851, 2.392
852, 2.386
853, 2.389
854, 2.392
855, 2.392
856, 2.389
857, 2.392
858, 2.392
859, 2.392
860, 2.392
861, 2.392
862, 2.392
863, 2.392
864, 2.392
865, 2.392
866, 2.392
867, 2.392
868, 2.392
869, 2.392
870, 2.392
871, 2.392
872, 2.392
873, 2.392
874, 2.392
875, 2.392
876, 2.392
877, 2.392
878, 2.395
879, 2.392
880, 2.392
881, 2.392
882, 2.392
883, 2.395
884, 2.392
885, 2.392
886, 2.389
887, 2.392
888, 2.389
889, 2.392
890, 2.392
891, 2.392
892, 2.392
893, 2.392
894, 2.389
895, 2.392
896, 2.392
897, 2.392
898, 2.392
899, 2.392
900, 2.392
901, 2.392
902, 2.392
903, 2.392
904, 2.392
905, 2.392
906, 2.392
907, 2.392
908, 2.389
909, 2.389
910, 2.392
911, 2.392
912, 2.392
913, 2.392
914, 2.389
915, 2.392
916, 2.392
917, 2.392
918, 2.389
919, 2.392
920, 2.392
921, 2.392
922, 2.392
923, 2.392
924, 2.392
925, 2.392
926, 2.392
927, 2.392
928, 2.392
929, 2.392
930, 2.392
931, 2.395
932, 2.392
933, 2.392
934, 2.392
935, 2.389
936, 2.392
937, 2.392
938, 2.392
939, 2.392
940, 2.392
941, 2.392
942, 2.392
943, 2.392
944, 2.392
945, 2.392
946, 2.392
947, 2.389
948, 2.392
949, 2.392
950, 2.392
951, 2.392
952, 2.392
953, 2.392
954, 2.389
955, 2.392
956, 2.392
957, 2.392
958, 2.392
959, 2.392
960, 2.392
961, 2.392
962, 2.392
963, 2.392
964, 2.392
965, 2.392
966, 2.392
967, 2.392
968, 2.392
969, 2.392
970, 2.395
971, 2.392
972, 2.392
973, 2.392
974, 2.392
975, 2.392
976, 2.392
977, 2.392
978, 2.392
979, 2.392
980, 2.389
981, 2.392
982, 2.389
983, 2.392
984, 2.392
985, 2.392
986, 2.389
987, 2.392
988, 2.392
989, 2.392
990, 2.392
991, 2.392
992, 2.395
993, 2.392
994, 2.389
995, 2.392
996, 2.383
997, 2.38
998, 2.38
999, 2.377
1000, 2.377
1001, 2.377
1002, 2.38
1003, 2.38
1004, 2.383
1005, 2.383
1006, 2.383
1007, 2.383
1008, 2.377
1009, 2.383
1010, 2.383
1011, 2.383
1012, 2.383
1013, 2.383
1014, 2.383
1015, 2.383
1016, 2.38
1017, 2.383
1018, 2.377
1019, 2.383
1020, 2.383
1021, 2.383
1022, 2.383
1023, 2.383
1024, 2.383
1025, 2.383
1026, 2.383
1027, 2.383
1028, 2.38
1029, 2.38
1030, 2.38
1031, 2.377
1032, 2.383
1033, 2.38
1034, 2.383
1035, 2.38
1036, 2.38
1037, 2.38
1038, 2.383
1039, 2.383
1040, 2.383
1041, 2.38
1042, 2.383
1043, 2.38
1044, 2.377
1045, 2.38
1046, 2.38
1047, 2.38
1048, 2.38
1049, 2.38
1050, 2.38
1051, 2.38
1052, 2.38
1053, 2.38
1054, 2.377
1055, 2.38
1056, 2.38
1057, 2.377
1058, 2.383
1059, 2.38
1060, 2.383
1061, 2.38
1062, 2.377
1063, 2.38
1064, 2.38
1065, 2.383
1066, 2.377
1067, 2.38
1068, 2.38
1069, 2.38
1070, 2.38
1071, 2.38
1072, 2.383
1073, 2.38
1074, 2.377
1075, 2.38
1076, 2.38
1077, 2.38
1078, 2.38
1079, 2.38
1080, 2.377
1081, 2.38
1082, 2.383
1083, 2.383
1084, 2.383
1085, 2.383
1086, 2.38
1087, 2.383
1088, 2.38
1089, 2.383
1090, 2.38
1091, 2.383
1092, 2.383
1093, 2.38
1094, 2.38
1095, 2.38
1096, 2.38
1097, 2.377
1098, 2.383
1099, 2.383
1100, 2.38
1101, 2.383
1102, 2.383
1103, 2.38
1104, 2.383
1105, 2.383
1106, 2.383
1107, 2.38
1108, 2.383
1109, 2.383
1110, 2.38
1111, 2.38
1112, 2.38
1113, 2.383
1114, 2.383
1115, 2.383
1116, 2.383
1117, 2.38
1118, 2.383
1119, 2.383
1120, 2.383
1121, 2.383
1122, 2.38
1123, 2.377
1124, 2.383
1125, 2.38
1126, 2.38
1127, 2.38
1128, 2.38
1129, 2.377
1130, 2.377
1131, 2.377
1132, 2.38
1133, 2.383
1134, 2.377
1135, 2.383
1136, 2.38
1137, 2.38
1138, 2.383
1139, 2.38
1140, 2.383
1141, 2.38
1142, 2.38
1143, 2.38
1144, 2.383
1145, 2.38
1146, 2.377
1147, 2.38
1148, 2.38
1149, 2.383
1150, 2.383
1151, 2.377
1152, 2.38
1153, 2.383
1154, 2.38
1155, 2.38
1156, 2.383
1157, 2.38
1158, 2.38
1159, 2.38
1160, 2.383
1161, 2.383
1162, 2.38
1163, 2.38
1164, 2.383
1165, 2.38
1166, 2.38
1167, 2.38
1168, 2.38
1169, 2.38
1170, 2.38
1171, 2.374
1172, 2.38
1173, 2.38
1174, 2.383
1175, 2.38
1176, 2.383
1177, 2.383
1178, 2.377
1179, 2.383
1180, 2.383
1181, 2.383
1182, 2.383
1183, 2.383
1184, 2.383
1185, 2.383
1186, 2.38
1187, 2.383
1188, 2.38
1189, 2.383
1190, 2.38
1191, 2.383
1192, 2.383
1193, 2.383
1194, 2.383
1195, 2.383
1196, 2.383
1197, 2.383
1198, 2.38
1199, 2.383
1200, 2.383
1201, 2.383
1202, 2.383
1203, 2.383
1204, 2.383
1205, 2.383
1206, 2.383
1207, 2.383
1208, 2.383
1209, 2.383
1210, 2.38
1211, 2.38
1212, 2.38
1213, 2.383
1214, 2.383
1215, 2.383
1216, 2.383
1217, 2.383
1218, 2.38
1219, 2.383
1220, 2.383
1221, 2.383
1222, 2.383
1223, 2.383
1224, 2.383
1225, 2.383
1226, 2.38
1227, 2.383
1228, 2.38
1229, 2.377
1230, 2.38
1231, 2.383
1232, 2.38
1233, 2.383
1234, 2.38
1235, 2.377
1236, 2.383
1237, 2.38
1238, 2.377
1239, 2.377
1240, 2.383
1241, 2.38
1242, 2.38
1243, 2.38
1244, 2.38
1245, 2.38
1246, 2.38
1247, 2.38
1248, 2.38
1249, 2.38
1250, 2.383
1251, 2.38
1252, 2.38
1253, 2.383
1254, 2.38
1255, 2.38
1256, 2.383
1257, 2.383
1258, 2.38
1259, 2.38
1260, 2.383
1261, 2.383
1262, 2.383
1263, 2.38
1264, 2.383
1265, 2.383
1266, 2.383
1267, 2.383
1268, 2.38
1269, 2.38
1270, 2.383
1271, 2.383
1272, 2.38
1273, 2.38
1274, 2.383
1275, 2.383
1276, 2.383
1277, 2.383
1278, 2.383
1279, 2.383
1280, 2.38
1281, 2.38
1282, 2.368
1283, 2.383
1284, 2.383
1285, 2.38
1286, 2.383
1287, 2.38
1288, 2.383
1289, 2.38
1290, 2.383
1291, 2.38
1292, 2.383
1293, 2.383
1294, 2.383
1295, 2.383
1296, 2.383
1297, 2.38
1298, 2.383
1299, 2.38
1300, 2.383
1301, 2.383
1302, 2.383
1303, 2.383
1304, 2.383
1305, 2.383
1306, 2.383
1307, 2.374
1308, 2.383
1309, 2.38
1310, 2.38
1311, 2.38
1312, 2.383
1313, 2.38
1314, 2.38
1315, 2.383
1316, 2.383
1317, 2.38
1318, 2.383
1319, 2.38
1320, 2.383
1321, 2.38
1322, 2.38
1323, 2.38
1324, 2.377
1325, 2.383
1326, 2.383
1327, 2.383
1328, 2.383
1329, 2.38
1330, 2.38
1331, 2.38
1332, 2.383
1333, 2.377
1334, 2.377
1335, 2.38
1336, 2.38
1337, 2.383
1338, 2.38
1339, 2.38
1340, 2.377
1341, 2.383
1342, 2.383
1343, 2.383
1344, 2.38
1345, 2.38
1346, 2.383
1347, 2.383
1348, 2.38
1349, 2.389
1350, 2.389
1351, 2.392
1352, 2.392
1353, 2.395
1354, 2.392
1355, 2.392
1356, 2.389
1357, 2.389
1358, 2.392
1359, 2.395
1360, 2.392
1361, 2.392
1362, 2.392
1363, 2.395
1364, 2.392
1365, 2.392
1366, 2.392
1367, 2.392
1368, 2.392
1369, 2.395
1370, 2.395
1371, 2.392
1372, 2.392
1373, 2.392
1374, 2.392
1375, 2.392
1376, 2.392
1377, 2.395
1378, 2.392
1379, 2.392
1380, 2.395
1381, 2.395
1382, 2.395
1383, 2.392
1384, 2.395
1385, 2.392
1386, 2.389
1387, 2.392
1388, 2.395
1389, 2.392
1390, 2.392
1391, 2.395
1392, 2.395
1393, 2.392
1394, 2.392
1395, 2.392
1396, 2.395
1397, 2.392
1398, 2.392
1399, 2.392
1400, 2.392
1401, 2.389
1402, 2.392
1403, 2.392
1404, 2.392
1405, 2.392
1406, 2.392
1407, 2.392
1408, 2.392
1409, 2.392
1410, 2.392
1411, 2.389
1412, 2.389
1413, 2.389
1414, 2.389
1415, 2.392
1416, 2.392
1417, 2.392
1418, 2.392
1419, 2.389
1420, 2.389
1421, 2.389
1422, 2.392
1423, 2.392
1424, 2.392
1425, 2.392
1426, 2.392
1427, 2.392
1428, 2.392
1429, 2.392
1430, 2.392
1431, 2.392
1432, 2.392
1433, 2.392
1434, 2.392
1435, 2.392
1436, 2.392
1437, 2.392
1438, 2.392
1439, 2.392
1440, 2.392
1441, 2.392
1442, 2.395
1443, 2.395
1444, 2.392
1445, 2.392
1446, 2.392
1447, 2.392
1448, 2.392
1449, 2.392
1450, 2.392
1451, 2.392
1452, 2.389
1453, 2.389
1454, 2.392
1455, 2.392
1456, 2.392
1457, 2.392
1458, 2.392
1459, 2.392
1460, 2.392
1461, 2.392
1462, 2.392
1463, 2.392
1464, 2.392
1465, 2.389
1466, 2.392
1467, 2.392
1468, 2.389
1469, 2.389
1470, 2.395
1471, 2.392
1472, 2.392
1473, 2.392
1474, 2.389
1475, 2.389
1476, 2.395
1477, 2.392
1478, 2.392
1479, 2.392
1480, 2.389
1481, 2.392
1482, 2.392
1483, 2.392
1484, 2.389
1485, 2.392
1486, 2.392
1487, 2.392
1488, 2.392
1489, 2.389
1490, 2.392
1491, 2.395
1492, 2.392
1493, 2.389
1494, 2.392
1495, 2.392
1496, 2.392
1497, 2.389
1498, 2.395
1499, 2.395
1500, 2.392
1501, 2.392
1502, 2.389
1503, 2.392
1504, 2.392
1505, 2.392
1506, 2.392
1507, 2.389
1508, 2.395
1509, 2.392
1510, 2.392
1511, 2.392
1512, 2.392
1513, 2.389
1514, 2.392
1515, 2.392
1516, 2.392
1517, 2.389
1518, 2.389
1519, 2.389
1520, 2.389
1521, 2.392
1522, 2.389
1523, 2.392
1524, 2.392
1525, 2.392
1526, 2.392
1527, 2.389
1528, 2.389
1529, 2.395
1530, 2.395
1531, 2.392
1532, 2.395
1533, 2.392
1534, 2.392
1535, 2.392
1536, 2.389
1537, 2.389
1538, 2.389
1539, 2.392
1540, 2.392
1541, 2.389
1542, 2.389
1543, 2.389
1544, 2.389
1545, 2.389
1546, 2.392
1547, 2.389
1548, 2.389
1549, 2.389
1550, 2.389
1551, 2.392
1552, 2.392
1553, 2.392
1554, 2.389
1555, 2.395
1556, 2.392
1557, 2.389
1558, 2.392
1559, 2.392
1560, 2.392
1561, 2.392
1562, 2.392
1563, 2.386
1564, 2.386
1565, 2.392
1566, 2.389
1567, 2.389
1568, 2.392
1569, 2.392
1570, 2.392
1571, 2.392
1572, 2.392
1573, 2.392
1574, 2.392
1575, 2.392
1576, 2.392
1577, 2.392
1578, 2.392
1579, 2.392
1580, 2.392
1581, 2.392
1582, 2.392
1583, 2.392
1584, 2.392
1585, 2.395
1586, 2.392
1587, 2.392
1588, 2.392
1589, 2.392
1590, 2.392
1591, 2.392
1592, 2.392
1593, 2.395
1594, 2.392
1595, 2.392
1596, 2.392
1597, 2.392
1598, 2.395
1599, 2.392
1600, 2.392
1601, 2.392
1602, 2.392
1603, 2.392
1604, 2.392
1605, 2.392
1606, 2.392
1607, 2.392
1608, 2.392
1609, 2.392
1610, 2.392
1611, 2.392
1612, 2.395
1613, 2.392
1614, 2.392
1615, 2.395
1616, 2.392
1617, 2.392
1618, 2.392
1619, 2.392
1620, 2.392
1621, 2.392
1622, 2.392
1623, 2.392
1624, 2.392
1625, 2.395
1626, 2.392
1627, 2.386
1628, 2.389
1629, 2.386
1630, 2.386
1631, 2.389
1632, 2.386
1633, 2.389
1634, 2.377
1635, 2.374
1636, 2.374
1637, 2.377
1638, 2.377
1639, 2.377
1640, 2.38
1641, 2.38
1642, 2.377
1643, 2.377
1644, 2.38
1645, 2.38
1646, 2.377
1647, 2.38
1648, 2.377
1649, 2.38
1650, 2.377
1651, 2.377
1652, 2.377
1653, 2.374
1654, 2.38
1655, 2.377
1656, 2.38
1657, 2.38
1658, 2.38
1659, 2.38
1660, 2.38
1661, 2.377
1662, 2.377
1663, 2.377
1664, 2.377
1665, 2.377
1666, 2.377
1667, 2.377
1668, 2.377
1669, 2.377
1670, 2.377
1671, 2.38
1672, 2.377
1673, 2.38
1674, 2.38
1675, 2.383
1676, 2.383
1677, 2.383
1678, 2.38
1679, 2.383
1680, 2.383
1681, 2.383
1682, 2.383
1683, 2.38
1684, 2.38
1685, 2.38
1686, 2.38
1687, 2.377
1688, 2.38
1689, 2.38
1690, 2.383
1691, 2.38
1692, 2.383
1693, 2.38
1694, 2.38
1695, 2.38
1696, 2.38
1697, 2.38
1698, 2.38
1699, 2.38
1700, 2.383
1701, 2.38
1702, 2.38
1703, 2.392
1704, 2.392
1705, 2.392
1706, 2.389
1707, 2.392
1708, 2.389
1709, 2.392
1710, 2.392
1711, 2.392
1712, 2.389
1713, 2.392
1714, 2.392
1715, 2.392
1716, 2.392
1717, 2.392
1718, 2.392
1719, 2.395
1720, 2.389
1721, 2.392
1722, 2.392
1723, 2.392
1724, 2.392
1725, 2.389
1726, 2.392
1727, 2.392
1728, 2.392
1729, 2.392
1730, 2.392
1731, 2.386
1732, 2.392
1733, 2.395
1734, 2.392
1735, 2.389
1736, 2.389
1737, 2.389
1738, 2.389
1739, 2.389
1740, 2.389
1741, 2.392
1742, 2.392
1743, 2.392
1744, 2.389
1745, 2.392
1746, 2.392
1747, 2.392
1748, 2.392
1749, 2.389
1750, 2.392
1751, 2.392
1752, 2.392
1753, 2.389
1754, 2.392
1755, 2.386
1756, 2.392
1757, 2.389
1758, 2.392
1759, 2.392
1760, 2.392
1761, 2.392
1762, 2.392
1763, 2.392
1764, 2.392
1765, 2.389
1766, 2.392
1767, 2.392
1768, 2.392
1769, 2.392
1770, 2.389
1771, 2.392
1772, 2.392
1773, 2.392
1774, 2.392
1775, 2.392
1776, 2.389
1777, 2.389
1778, 2.389
1779, 2.392
1780, 2.392
1781, 2.392
1782, 2.392
1783, 2.392
1784, 2.392
1785, 2.392
1786, 2.392
1787, 2.392
1788, 2.392
1789, 2.392
1790, 2.389
1791, 2.392
1792, 2.392
1793, 2.392
1794, 2.392
1795, 2.392
1796, 2.389
1797, 2.392
1798, 2.389
1799, 2.389
1800, 2.389
1801, 2.389
1802, 2.389
1803, 2.392
1804, 2.392
1805, 2.392
1806, 2.389
1807, 2.389
1808, 2.392
1809, 2.389
1810, 2.392
1811, 2.389
1812, 2.392
1813, 2.386
1814, 2.392
1815, 2.389
1816, 2.392
1817, 2.392
1818, 2.392
1819, 2.389
1820, 2.389
1821, 2.386
1822, 2.389
1823, 2.392
1824, 2.389
1825, 2.389
1826, 2.392
1827, 2.392
1828, 2.392
1829, 2.389
1830, 2.389
1831, 2.392
1832, 2.386
1833, 2.392
1834, 2.389
1835, 2.392
1836, 2.386
1837, 2.389
1838, 2.389
1839, 2.389
1840, 2.38
1841, 2.389
1842, 2.389
1843, 2.389
1844, 2.392
1845, 2.389
1846, 2.386
1847, 2.389
1848, 2.383
1849, 2.389
1850, 2.392
1851, 2.389
1852, 2.389
1853, 2.389
1854, 2.389
1855, 2.389
1856, 2.389
1857, 2.389
1858, 2.389
1859, 2.389
1860, 2.389
1861, 2.389
1862, 2.389
1863, 2.389
1864, 2.389
1865, 2.389
1866, 2.389
1867, 2.389
1868, 2.389
1869, 2.389
1870, 2.389
1871, 2.389
1872, 2.386
1873, 2.386
1874, 2.389
1875, 2.389
1876, 2.389
1877, 2.389
1878, 2.386
1879, 2.389
1880, 2.389
1881, 2.386
1882, 2.386
1883, 2.386
1884, 2.389
1885, 2.389
1886, 2.386
1887, 2.386
1888, 2.386
1889, 2.389
1890, 2.389
1891, 2.389
1892, 2.389
1893, 2.386
1894, 2.389
1895, 2.386
1896, 2.386
1897, 2.386
1898, 2.389
1899, 2.389
1900, 2.386
1901, 2.389
1902, 2.386
1903, 2.389
1904, 2.386
1905, 2.386
1906, 2.386
1907, 2.386
1908, 2.383
1909, 2.386
1910, 2.386
1911, 2.389
1912, 2.389
1913, 2.386
1914, 2.389
1915, 2.389
1916, 2.386
1917, 2.386
1918, 2.386
1919, 2.386
1920, 2.389
1921, 2.389
1922, 2.389
1923, 2.386
1924, 2.386
1925, 2.386
1926, 2.386
1927, 2.386
1928, 2.389
1929, 2.386
1930, 2.389
1931, 2.386
1932, 2.389
1933, 2.389
1934, 2.389
1935, 2.389
1936, 2.386
1937, 2.386
1938, 2.389
1939, 2.389
1940, 2.389
1941, 2.386
1942, 2.386
1943, 2.386
1944, 2.386
1945, 2.386
1946, 2.389
1947, 2.386
1948, 2.386
1949, 2.386
1950, 2.386
1951, 2.383
1952, 2.386
1953, 2.386
1954, 2.386
1955, 2.386
1956, 2.386
1957, 2.386
1958, 2.386
1959, 2.386
1960, 2.386
1961, 2.383
1962, 2.386
1963, 2.386
1964, 2.386
1965, 2.386
1966, 2.386
1967, 2.383
1968, 2.383
1969, 2.383
1970, 2.383
1971, 2.383
1972, 2.383
1973, 2.383
1974, 2.383
1975, 2.386
1976, 2.383
1977, 2.383
1978, 2.383
1979, 2.383
1980, 2.383
1981, 2.383
1982, 2.383
1983, 2.383
1984, 2.383
1985, 2.383
1986, 2.383
1987, 2.386
1988, 2.38
1989, 2.377
1990, 2.386
1991, 2.383
1992, 2.383
1993, 2.383
1994, 2.383
1995, 2.383
1996, 2.383
1997, 2.38
1998, 2.383
1999, 2.38
2000, 2.383
2001, 2.38
2002, 2.383
2003, 2.38
2004, 2.383
2005, 2.377
2006, 2.38
2007, 2.38
2008, 2.38
2009, 2.38
2010, 2.377
2011, 2.377
2012, 2.377
2013, 2.377
2014, 2.38
2015, 2.38
2016, 2.377
2017, 2.374
2018, 2.38
2019, 2.377
2020, 2.377
2021, 2.377
2022, 2.377
2023, 2.38
2024, 2.377
2025, 2.377
2026, 2.374
2027, 2.377
2028, 2.377
2029, 2.374
2030, 2.374
2031, 2.374
2032, 2.374
2033, 2.374
2034, 2.374
2035, 2.371
2036, 2.371
2037, 2.374
2038, 2.365
2039, 2.371
2040, 2.374
2041, 2.371
2042, 2.371
2043, 2.365
2044, 2.371
2045, 2.371
2046, 2.371
2047, 2.368
2048, 2.371
2049, 2.374
2050, 2.368
2051, 2.368
2052, 2.371
2053, 2.371
2054, 2.371
2055, 2.368
2056, 2.371
2057, 2.371
2058, 2.368
2059, 2.365
2060, 2.368
2061, 2.371
2062, 2.368
2063, 2.368
2064, 2.368
2065, 2.365
2066, 2.368
2067, 2.365
2068, 2.365
2069, 2.365
2070, 2.362
2071, 2.368
2072, 2.365
2073, 2.365
2074, 2.362
2075, 2.365
2076, 2.362
2077, 2.359
2078, 2.362
2079, 2.362
2080, 2.362
2081, 2.359
2082, 2.362
2083, 2.359
2084, 2.359
2085, 2.359
2086, 2.362
2087, 2.362
2088, 2.359
2089, 2.359
2090, 2.359
2091, 2.362
2092, 2.362
2093, 2.359
2094, 2.359
2095, 2.362
2096, 2.356
2097, 2.359
2098, 2.359
2099, 2.359
2100, 2.359
2101, 2.359
2102, 2.359
2103, 2.359
2104, 2.359
2105, 2.359
2106, 2.362
2107, 2.359
2108, 2.359
2109, 2.359
2110, 2.359
2111, 2.359
2112, 2.359
2113, 2.359
2114, 2.359
2115, 2.359
2116, 2.359
2117, 2.359
2118, 2.359
2119, 2.359
2120, 2.359
2121, 2.359
2122, 2.359
2123, 2.359
2124, 2.359
2125, 2.359
2126, 2.359
2127, 2.359
2128, 2.359
2129, 2.356
2130, 2.353
2131, 2.356
2132, 2.359
2133, 2.359
2134, 2.362
2135, 2.362
2136, 2.359
2137, 2.362
2138, 2.362
2139, 2.359
2140, 2.359
2141, 2.359
2142, 2.359
2143, 2.362
2144, 2.362
2145, 2.362
2146, 2.362
2147, 2.362
2148, 2.362
2149, 2.359
2150, 2.359
2151, 2.359
2152, 2.362
2153, 2.362
2154, 2.362
2155, 2.362
2156, 2.362
2157, 2.362
2158, 2.362
2159, 2.362
2160, 2.362
2161, 2.362
2162, 2.359
2163, 2.359
2164, 2.362
2165, 2.362
2166, 2.362
2167, 2.359
2168, 2.362
2169, 2.362
2170, 2.362
2171, 2.359
2172, 2.362
2173, 2.362
2174, 2.362
2175, 2.362
2176, 2.362
2177, 2.362
2178, 2.362
2179, 2.362
2180, 2.362
2181, 2.362
2182, 2.359
2183, 2.362
2184, 2.365
2185, 2.362
2186, 2.362
2187, 2.362
2188, 2.362
2189, 2.362
2190, 2.362
2191, 2.362
2192, 2.362
2193, 2.362
2194, 2.362
2195, 2.362
2196, 2.362
2197, 2.362
2198, 2.362
2199, 2.362
2200, 2.362
2201, 2.362
2202, 2.362
2203, 2.362
2204, 2.362
2205, 2.362
2206, 2.362
2207, 2.359
2208, 2.362
2209, 2.362
2210, 2.362
2211, 2.359
2212, 2.362
2213, 2.359
2214, 2.359
2215, 2.359
2216, 2.359
2217, 2.359
2218, 2.362
2219, 2.359
2220, 2.359
2221, 2.359
2222, 2.359
2223, 2.359
2224, 2.359
2225, 2.359
2226, 2.362
2227, 2.359
2228, 2.362
2229, 2.362
2230, 2.365
2231, 2.362
2232, 2.362
2233, 2.362
2234, 2.362
2235, 2.362
2236, 2.362
2237, 2.362
2238, 2.365
2239, 2.368
2240, 2.368
2241, 2.368
2242, 2.368
2243, 2.371
2244, 2.371
2245, 2.368
2246, 2.374
2247, 2.374
2248, 2.374
2249, 2.374
2250, 2.377
2251, 2.377
2252, 2.38
2253, 2.38
2254, 2.383
2255, 2.386
2256, 2.386
2257, 2.389
2258, 2.392
2259, 2.401
2260, 2.401
2261, 2.401
2262, 2.401
2263, 2.401
2264, 2.404
2265, 2.401
2266, 2.404
2267, 2.404
2268, 2.404
2269, 2.404
2270, 2.404
2271, 2.404
2272, 2.404
2273, 2.404
2274, 2.401
2275, 2.401
2276, 2.401
2277, 2.404
2278, 2.404
2279, 2.401
2280, 2.404
2281, 2.404
2282, 2.401
2283, 2.404
2284, 2.401
2285, 2.401
2286, 2.404
2287, 2.404
2288, 2.404
2289, 2.407
2290, 2.41
2291, 2.416
2292, 2.425
2293, 2.428
2294, 2.434
2295, 2.443
2296, 2.443
2297, 2.449
2298, 2.446
2299, 2.446
2300, 2.446
2301, 2.446
2302, 2.449
2303, 2.446
2304, 2.449
2305, 2.449
2306, 2.449
2307, 2.449
2308, 2.452
2309, 2.452
2310, 2.452
2311, 2.452
2312, 2.449
2313, 2.449
2314, 2.449
2315, 2.452
2316, 2.449
2317, 2.449
2318, 2.449
2319, 2.449
2320, 2.449
2321, 2.449
2322, 2.449
2323, 2.446
2324, 2.449
2325, 2.446
2326, 2.446
2327, 2.449
2328, 2.446
2329, 2.443
2330, 2.449
2331, 2.449
2332, 2.449
2333, 2.449
2334, 2.446
2335, 2.449
2336, 2.449
2337, 2.449
2338, 2.449
2339, 2.446
2340, 2.449
2341, 2.449
2342, 2.446
2343, 2.44
2344, 2.437
2345, 2.437
2346, 2.437
2347, 2.437
2348, 2.434
2349, 2.434
2350, 2.437
2351, 2.437
2352, 2.437
2353, 2.437
2354, 2.437
2355, 2.437
2356, 2.44
2357, 2.437
2358, 2.44
2359, 2.44
2360, 2.437
2361, 2.437
2362, 2.437
2363, 2.449
2364, 2.446
2365, 2.449
2366, 2.449
2367, 2.449
2368, 2.446
2369, 2.449
2370, 2.446
2371, 2.449
2372, 2.449
2373, 2.44
2374, 2.449
2375, 2.449
2376, 2.449
2377, 2.449
2378, 2.449
2379, 2.449
2380, 2.449
2381, 2.449
2382, 2.449
2383, 2.449
2384, 2.449
2385, 2.452
2386, 2.449
2387, 2.449
2388, 2.452
2389, 2.452
2390, 2.452
2391, 2.455
2392, 2.458
2393, 2.458
2394, 2.461
2395, 2.464
2396, 2.461
2397, 2.467
2398, 2.467
2399, 2.467
2400, 2.464
2401, 2.464
2402, 2.467
2403, 2.464
2404, 2.467
2405, 2.467
2406, 2.467
2407, 2.467
2408, 2.467
2409, 2.467
2410, 2.467
2411, 2.467
2412, 2.467
2413, 2.467
2414, 2.467
2415, 2.461
2416, 2.464
2417, 2.467
2418, 2.467
2419, 2.464
2420, 2.467
2421, 2.467
2422, 2.467
2423, 2.467
2424, 2.464
2425, 2.464
2426, 2.467
2427, 2.464
2428, 2.464
2429, 2.464
2430, 2.467
2431, 2.464
2432, 2.464
2433, 2.467
2434, 2.467
2435, 2.464
2436, 2.464
2437, 2.467
2438, 2.467
2439, 2.467
2440, 2.467
2441, 2.467
2442, 2.467
2443, 2.467
2444, 2.467
2445, 2.467
2446, 2.467
2447, 2.464
2448, 2.467
2449, 2.467
2450, 2.467
2451, 2.467
2452, 2.467
2453, 2.467
2454, 2.467
2455, 2.467
2456, 2.467
2457, 2.467
2458, 2.467
2459, 2.467
2460, 2.464
2461, 2.467
2462, 2.467
2463, 2.467
2464, 2.467
2465, 2.467
2466, 2.467
2467, 2.467
2468, 2.461
2469, 2.452
2470, 2.461
2471, 2.464
2472, 2.464
2473, 2.458
2474, 2.464
2475, 2.461
2476, 2.461
2477, 2.464
2478, 2.464
2479, 2.464
2480, 2.428
2481, 2.458
2482, 2.458
2483, 2.464
2484, 2.461
2485, 2.461
2486, 2.458
2487, 2.458
2488, 2.461
2489, 2.461
2490, 2.464
2491, 2.461
2492, 2.461
2493, 2.461
2494, 2.461
2495, 2.461
2496, 2.425
2497, 2.461
2498, 2.461
2499, 2.464
2500, 2.464
2501, 2.461
2502, 2.461
2503, 2.461
2504, 2.461
2505, 2.461
2506, 2.461
2507, 2.464
2508, 2.464
2509, 2.464
2510, 2.461
2511, 2.464
2512, 2.464
2513, 2.464
2514, 2.464
2515, 2.467
2516, 2.464
2517, 2.461
2518, 2.464
2519, 2.461
2520, 2.461
2521, 2.458
2522, 2.461
2523, 2.461
2524, 2.461
2525, 2.461
2526, 2.461
2527, 2.458
2528, 2.461
2529, 2.461
2530, 2.458
2531, 2.461
2532, 2.461
2533, 2.455
2534, 2.458
2535, 2.458
2536, 2.458
2537, 2.461
2538, 2.461
2539, 2.461
2540, 2.458
2541, 2.461
2542, 2.461
2543, 2.458
2544, 2.455
2545, 2.458
2546, 2.458
2547, 2.461
2548, 2.458
2549, 2.458
2550, 2.458
2551, 2.461
2552, 2.461
2553, 2.458
2554, 2.455
2555, 2.461
2556, 2.458
2557, 2.458
2558, 2.458
2559, 2.461
2560, 2.458
2561, 2.461
2562, 2.461
2563, 2.461
2564, 2.458
2565, 2.458
2566, 2.461
2567, 2.461
2568, 2.461
2569, 2.458
2570, 2.452
2571, 2.458
2572, 2.461
2573, 2.458
2574, 2.458
2575, 2.455
2576, 2.461
2577, 2.461
2578, 2.464
2579, 2.461
2580, 2.461
2581, 2.458
2582, 2.461
2583, 2.461
2584, 2.461
2585, 2.461
2586, 2.464
2587, 2.464
2588, 2.458
2589, 2.461
2590, 2.461
2591, 2.461
2592, 2.461
2593, 2.461
2594, 2.464
2595, 2.461
2596, 2.461
2597, 2.461
2598, 2.464
2599, 2.461
2600, 2.461
2601, 2.461
2602, 2.464
2603, 2.461
2604, 2.461
2605, 2.461
2606, 2.464
2607, 2.461
2608, 2.455
2609, 2.461
2610, 2.461
2611, 2.461
2612, 2.458
2613, 2.461
2614, 2.461
2615, 2.461
2616, 2.461
2617, 2.458
2618, 2.461
2619, 2.461
2620, 2.461
2621, 2.461
2622, 2.458
2623, 2.464
2624, 2.458
2625, 2.461
2626, 2.455
2627, 2.458
2628, 2.461
2629, 2.464
2630, 2.461
2631, 2.461
2632, 2.461
2633, 2.458
2634, 2.461
2635, 2.458
2636, 2.461
2637, 2.461
2638, 2.458
2639, 2.458
2640, 2.458
2641, 2.461
2642, 2.458
2643, 2.458
2644, 2.461
2645, 2.461
2646, 2.461
2647, 2.461
2648, 2.461
2649, 2.461
2650, 2.461
2651, 2.458
2652, 2.461
2653, 2.461
2654, 2.461
2655, 2.461
2656, 2.461
2657, 2.461
2658, 2.461
2659, 2.458
2660, 2.461
2661, 2.461
2662, 2.461
2663, 2.461
2664, 2.458
2665, 2.461
2666, 2.461
2667, 2.461
2668, 2.461
2669, 2.461
2670, 2.461
2671, 2.461
2672, 2.461
2673, 2.461
2674, 2.464
2675, 2.464
2676, 2.461
2677, 2.458
2678, 2.461
2679, 2.461
2680, 2.455
2681, 2.452
2682, 2.458
2683, 2.458
2684, 2.458
2685, 2.458
2686, 2.458
2687, 2.458
2688, 2.458
2689, 2.458
2690, 2.458
2691, 2.458
2692, 2.458
2693, 2.458
2694, 2.458
2695, 2.461
2696, 2.455
2697, 2.452
2698, 2.461
2699, 2.461
2700, 2.461
2701, 2.461
2702, 2.458
2703, 2.461
2704, 2.464
2705, 2.464
2706, 2.461
2707, 2.461
2708, 2.461
2709, 2.464
2710, 2.458
2711, 2.461
2712, 2.461
2713, 2.461
2714, 2.461
2715, 2.461
2716, 2.461
2717, 2.455
2718, 2.458
2719, 2.464
2720, 2.461
2721, 2.464
2722, 2.458
2723, 2.461
2724, 2.458
2725, 2.461
2726, 2.458
2727, 2.458
2728, 2.464
2729, 2.461
2730, 2.461
2731, 2.461
2732, 2.458
2733, 2.461
2734, 2.464
2735, 2.464
2736, 2.467
2737, 2.467
2738, 2.464
2739, 2.467
2740, 2.464
2741, 2.467
2742, 2.464
2743, 2.464
2744, 2.458
2745, 2.464
2746, 2.464
2747, 2.464
2748, 2.467
2749, 2.464
2750, 2.464
2751, 2.464
2752, 2.464
2753, 2.464
2754, 2.464
2755, 2.461
2756, 2.464
2757, 2.464
2758, 2.464
2759, 2.464
2760, 2.464
2761, 2.464
2762, 2.464
2763, 2.464
2764, 2.464
2765, 2.461
2766, 2.458
2767, 2.455
2768, 2.461
2769, 2.464
2770, 2.464
2771, 2.464
2772, 2.461
2773, 2.464
2774, 2.464
2775, 2.461
2776, 2.461
2777, 2.464
2778, 2.461
2779, 2.464
2780, 2.461
2781, 2.464
2782, 2.464
2783, 2.461
2784, 2.464
2785, 2.458
2786, 2.461
2787, 2.461
2788, 2.458
2789, 2.464
2790, 2.464
2791, 2.464
2792, 2.461
2793, 2.461
2794, 2.464
2795, 2.467
2796, 2.464
2797, 2.467
2798, 2.47
2799, 2.473
2800, 2.473
2801, 2.476
2802, 2.479
2803, 2.479
2804, 2.479
2805, 2.479
2806, 2.482
2807, 2.482
2808, 2.485
2809, 2.485
2810, 2.488
2811, 2.491
2812, 2.494
2813, 2.5
2814, 2.5
2815, 2.5
2816, 2.5
2817, 2.503
2818, 2.497
2819, 2.5
2820, 2.497
2821, 2.503
2822, 2.497
2823, 2.5
2824, 2.497
2825, 2.497
2826, 2.503
2827, 2.497
2828, 2.5
2829, 2.5
2830, 2.5
2831, 2.503
2832, 2.5
2833, 2.5
2834, 2.5
2835, 2.5
2836, 2.5
2837, 2.497
2838, 2.5
2839, 2.503
2840, 2.503
2841, 2.497
2842, 2.5
2843, 2.5
2844, 2.5
2845, 2.5
2846, 2.5
2847, 2.497
2848, 2.503
2849, 2.503
2850, 2.503
2851, 2.5
2852, 2.503
2853, 2.5
2854, 2.5
2855, 2.5
2856, 2.503
2857, 2.5
2858, 2.503
2859, 2.5
2860, 2.503
2861, 2.5
2862, 2.503
2863, 2.503
2864, 2.503
2865, 2.5
2866, 2.5
2867, 2.5
2868, 2.503
2869, 2.503
2870, 2.503
2871, 2.503
2872, 2.5
2873, 2.503
2874, 2.5
2875, 2.5
2876, 2.503
2877, 2.503
2878, 2.506
2879, 2.506
2880, 2.506
2881, 2.506
2882, 2.503
2883, 2.506
2884, 2.506
2885, 2.506
2886, 2.506
2887, 2.506
2888, 2.506
2889, 2.506
2890, 2.506
2891, 2.506
2892, 2.506
2893, 2.509
2894, 2.506
2895, 2.509
2896, 2.509
2897, 2.509
2898, 2.509
2899, 2.509
2900, 2.506
2901, 2.509
2902, 2.509
2903, 2.509
2904, 2.509
2905, 2.509
2906, 2.509
2907, 2.509
2908, 2.509
2909, 2.512
2910, 2.512
2911, 2.512
2912, 2.512
2913, 2.512
2914, 2.515
2915, 2.515
2916, 2.518
2917, 2.521
2918, 2.524
2919, 2.524
2920, 2.53
2921, 2.533
2922, 2.536
2923, 2.536
2924, 2.53
2925, 2.545
2926, 2.545
2927, 2.551
2928, 2.551
2929, 2.554
2930, 2.554
2931, 2.557
2932, 2.56
2933, 2.563
2934, 2.563
2935, 2.563
2936, 2.563
2937, 2.563
2938, 2.566
2939, 2.563
2940, 2.563
2941, 2.563
2942, 2.563
2943, 2.566
2944, 2.563
2945, 2.56
2946, 2.56
2947, 2.56
2948, 2.557
2949, 2.557
2950, 2.557
2951, 2.554
2952, 2.554
2953, 2.551
2954, 2.551
2955, 2.548
2956, 2.545
2957, 2.539
2958, 2.539
2959, 2.539
2960, 2.533
2961, 2.53
2962, 2.527
2963, 2.521
2964, 2.515
2965, 2.509
2966, 2.506
2967, 2.5
2968, 2.494
2969, 2.488
2970, 2.485
2971, 2.482
2972, 2.476
2973, 2.473
2974, 2.47
2975, 2.464
2976, 2.461
2977, 2.458
2978, 2.455
2979, 2.443
2980, 2.446
2981, 2.443
2982, 2.44
2983, 2.437
2984, 2.431
2985, 2.431
2986, 2.428
2987, 2.425
2988, 2.425
2989, 2.422
2990, 2.422
2991, 2.422
2992, 2.419
2993, 2.416
2994, 2.419
2995, 2.413
2996, 2.416
2997, 2.413
2998, 2.413
2999, 2.41
3000, 2.41
3001, 2.41
3002, 2.41
3003, 2.41
3004, 2.41
3005, 2.41
3006, 2.407
3007, 2.404
3008, 2.404
3009, 2.401
3010, 2.401
3011, 2.398
3012, 2.401
3013, 2.398
3014, 2.398
3015, 2.395
3016, 2.401
3017, 2.395
3018, 2.398
3019, 2.398
3020, 2.398
3021, 2.401
3022, 2.398
3023, 2.398
3024, 2.398
3025, 2.395
3026, 2.398
3027, 2.398
3028, 2.398
3029, 2.398
3030, 2.398
3031, 2.398
3032, 2.398
3033, 2.398
3034, 2.398
3035, 2.398
3036, 2.398
3037, 2.398
3038, 2.398
3039, 2.398
3040, 2.398
3041, 2.398
3042, 2.398
3043, 2.398
3044, 2.395
3045, 2.398
3046, 2.395
3047, 2.398
3048, 2.398
3049, 2.398
3050, 2.392
3051, 2.392
3052, 2.401
3053, 2.401
3054, 2.401
3055, 2.401
3056, 2.401
3057, 2.398
3058, 2.398
3059, 2.398
3060, 2.398
3061, 2.398
3062, 2.395
3063, 2.392
3064, 2.398
3065, 2.395
3066, 2.395
3067, 2.395
3068, 2.395
3069, 2.395
3070, 2.395
3071, 2.395
3072, 2.395
3073, 2.395
3074, 2.395
3075, 2.395
3076, 2.392
3077, 2.395
3078, 2.395
3079, 2.392
3080, 2.392
3081, 2.392
3082, 2.395
3083, 2.395
3084, 2.395
3085, 2.395
3086, 2.395
3087, 2.398
3088, 2.398
3089, 2.395
3090, 2.395
3091, 2.395
3092, 2.395
3093, 2.395
3094, 2.395
3095, 2.395
3096, 2.395
3097, 2.395
3098, 2.395
3099, 2.395
3100, 2.398
3101, 2.395
3102, 2.398
3103, 2.395
3104, 2.398
3105, 2.392
3106, 2.398
3107, 2.395
3108, 2.398
3109, 2.398
3110, 2.398
3111, 2.398
3112, 2.395
3113, 2.395
3114, 2.395
3115, 2.395
3116, 2.398
3117, 2.398
3118, 2.398
3119, 2.395
3120, 2.398
3121, 2.395
3122, 2.398
3123, 2.398
3124, 2.395
3125, 2.395
3126, 2.395
3127, 2.398
3128, 2.398
3129, 2.398
3130, 2.395
3131, 2.395
3132, 2.398
3133, 2.395
3134, 2.398
3135, 2.395
3136, 2.395
3137, 2.395
3138, 2.395
3139, 2.395
3140, 2.392
3141, 2.395
3142, 2.398
3143, 2.395
3144, 2.395
3145, 2.395
3146, 2.392
3147, 2.398
3148, 2.395
3149, 2.398
3150, 2.398
3151, 2.395
3152, 2.395
3153, 2.395
3154, 2.398
3155, 2.395
3156, 2.395
3157, 2.395
3158, 2.395
3159, 2.392
3160, 2.395
3161, 2.395
3162, 2.395
3163, 2.398
3164, 2.395
3165, 2.398
3166, 2.398
3167, 2.392
3168, 2.398
3169, 2.395
3170, 2.395
3171, 2.395
3172, 2.395
3173, 2.398
3174, 2.395
3175, 2.392
3176, 2.395
3177, 2.395
3178, 2.398
3179, 2.395
3180, 2.398
3181, 2.398
3182, 2.398
3183, 2.398
3184, 2.398
3185, 2.398
3186, 2.398
3187, 2.398
3188, 2.398
3189, 2.398
3190, 2.395
3191, 2.395
3192, 2.398
3193, 2.398
3194, 2.398
3195, 2.398
3196, 2.398
3197, 2.395
3198, 2.395
3199, 2.395
3200, 2.395
3201, 2.398
3202, 2.398
3203, 2.398
3204, 2.395
3205, 2.395
3206, 2.398
3207, 2.398
3208, 2.398
3209, 2.398
3210, 2.395
3211, 2.398
3212, 2.398
3213, 2.398
3214, 2.398
3215, 2.398
3216, 2.395
3217, 2.398
3218, 2.398
3219, 2.398
3220, 2.398
3221, 2.398
3222, 2.395
3223, 2.395
3224, 2.395
3225, 2.398
3226, 2.395
3227, 2.398
3228, 2.398
3229, 2.398
3230, 2.398
3231, 2.398
3232, 2.398
3233, 2.398
3234, 2.398
3235, 2.398
3236, 2.398
3237, 2.395
3238, 2.398
3239, 2.398
3240, 2.395
3241, 2.398
3242, 2.395
3243, 2.398
3244, 2.398
3245, 2.398
3246, 2.395
3247, 2.395
3248, 2.398
3249, 2.398
3250, 2.398
3251, 2.398
3252, 2.398
3253, 2.398
3254, 2.398
3255, 2.398
3256, 2.398
3257, 2.398
3258, 2.398
3259, 2.398
3260, 2.398
3261, 2.398
3262, 2.395
3263, 2.398
3264, 2.398
3265, 2.398
3266, 2.398
3267, 2.395
3268, 2.392
3269, 2.395
3270, 2.395
3271, 2.395
3272, 2.398
3273, 2.398
3274, 2.395
3275, 2.395
3276, 2.398
3277, 2.395
3278, 2.398
3279, 2.398
3280, 2.398
3281, 2.398
3282, 2.395
3283, 2.398
3284, 2.395
3285, 2.398
3286, 2.398
3287, 2.398
3288, 2.398
3289, 2.398
3290, 2.398
3291, 2.398
3292, 2.395
3293, 2.398
3294, 2.398
3295, 2.395
3296, 2.398
3297, 2.395
3298, 2.398
3299, 2.398
3300, 2.395
3301, 2.395
3302, 2.395
3303, 2.398
3304, 2.398
3305, 2.398
3306, 2.395
3307, 2.398
3308, 2.398
3309, 2.395
3310, 2.395
3311, 2.398
3312, 2.398
3313, 2.398
3314, 2.398
3315, 2.398
3316, 2.398
3317, 2.398
3318, 2.398
3319, 2.395
3320, 2.398
3321, 2.398
3322, 2.395
3323, 2.398
3324, 2.398
3325, 2.398
3326, 2.398
3327, 2.398
3328, 2.398
3329, 2.398
3330, 2.398
3331, 2.398
3332, 2.398
3333, 2.392
3334, 2.392
3335, 2.398
3336, 2.398
3337, 2.398
3338, 2.395
3339, 2.398
3340, 2.395
3341, 2.398
3342, 2.395
3343, 2.398
3344, 2.395
3345, 2.398
3346, 2.398
3347, 2.398
3348, 2.401
3349, 2.398
3350, 2.398
3351, 2.398
3352, 2.395
3353, 2.398
3354, 2.398
3355, 2.398
3356, 2.398
3357, 2.398
3358, 2.398
3359, 2.398
3360, 2.398
3361, 2.398
3362, 2.398
3363, 2.398
3364, 2.398
3365, 2.398
3366, 2.401
3367, 2.398
3368, 2.401
3369, 2.398
3370, 2.401
3371, 2.401
3372, 2.401
3373, 2.398
3374, 2.401
3375, 2.398
3376, 2.398
3377, 2.398
3378, 2.398
3379, 2.398
3380, 2.398
3381, 2.398
3382, 2.398
3383, 2.398
3384, 2.398
3385, 2.395
3386, 2.398
3387, 2.401
3388, 2.398
3389, 2.401
3390, 2.401
3391, 2.401
3392, 2.398
3393, 2.398
3394, 2.401
3395, 2.401
3396, 2.398
3397, 2.401
3398, 2.398
3399, 2.398
3400, 2.395
3401, 2.395
3402, 2.398
3403, 2.398
3404, 2.395
3405, 2.398
3406, 2.395
3407, 2.398
3408, 2.395
3409, 2.398
3410, 2.398
3411, 2.395
3412, 2.398
3413, 2.395
3414, 2.398
3415, 2.398
3416, 2.401
3417, 2.398
3418, 2.398
3419, 2.401
3420, 2.398
3421, 2.398
3422, 2.398
3423, 2.398
3424, 2.398
3425, 2.398
3426, 2.398
3427, 2.398
3428, 2.401
3429, 2.398
3430, 2.398
3431, 2.401
3432, 2.401
3433, 2.398
3434, 2.398
3435, 2.401
3436, 2.401
3437, 2.398
3438, 2.398
3439, 2.398
3440, 2.398
3441, 2.398
3442, 2.398
3443, 2.401
3444, 2.398
3445, 2.398
3446, 2.398
3447, 2.398
3448, 2.401
3449, 2.398
3450, 2.398
3451, 2.398
3452, 2.398
3453, 2.398
3454, 2.398
3455, 2.398
3456, 2.392
3457, 2.398
3458, 2.398
3459, 2.401
3460, 2.398
3461, 2.398
3462, 2.398
3463, 2.401
3464, 2.401
3465, 2.398
3466, 2.398
3467, 2.395
3468, 2.395
3469, 2.398
3470, 2.398
3471, 2.398
3472, 2.398
3473, 2.395
3474, 2.398
3475, 2.401
3476, 2.398
3477, 2.398
3478, 2.401
3479, 2.389
3480, 2.386
3481, 2.386
3482, 2.386
3483, 2.386
3484, 2.386
3485, 2.386
3486, 2.386
3487, 2.386
3488, 2.389
3489, 2.386
3490, 2.386
3491, 2.386
3492, 2.386
3493, 2.386
3494, 2.386
3495, 2.386
3496, 2.386
3497, 2.386
3498, 2.386
3499, 2.386
3500, 2.386
3501, 2.386
3502, 2.389
3503, 2.389
3504, 2.386
3505, 2.386
3506, 2.383
3507, 2.386
3508, 2.386
3509, 2.383
3510, 2.386
3511, 2.386
3512, 2.389
3513, 2.389
3514, 2.386
3515, 2.389
3516, 2.389
3517, 2.389
3518, 2.386
3519, 2.389
3520, 2.383
3521, 2.383
3522, 2.386
3523, 2.389
3524, 2.389
3525, 2.383
3526, 2.389
3527, 2.389
3528, 2.389
3529, 2.389
3530, 2.383
3531, 2.386
3532, 2.386
3533, 2.386
3534, 2.383
3535, 2.386
3536, 2.386
3537, 2.389
3538, 2.386
3539, 2.389
3540, 2.386
3541, 2.389
3542, 2.389
3543, 2.38
3544, 2.386
3545, 2.389
3546, 2.386
3547, 2.383
3548, 2.389
3549, 2.386
3550, 2.389
3551, 2.389
3552, 2.386
3553, 2.386
3554, 2.386
3555, 2.386
3556, 2.383
3557, 2.386
3558, 2.386
3559, 2.386
3560, 2.386
3561, 2.386
3562, 2.386
3563, 2.386
3564, 2.389
3565, 2.383
3566, 2.389
3567, 2.386
3568, 2.389
3569, 2.383
3570, 2.386
3571, 2.383
3572, 2.383
3573, 2.389
3574, 2.389
3575, 2.386
3576, 2.389
3577, 2.389
3578, 2.389
3579, 2.386
3580, 2.386
3581, 2.386
3582, 2.389
3583, 2.386
3584, 2.386
3585, 2.383
3586, 2.389
3587, 2.389
3588, 2.389
3589, 2.386
3590, 2.389
3591, 2.389
3592, 2.389
3593, 2.389
3594, 2.389
3595, 2.389
3596, 2.389
3597, 2.389
3598, 2.389
3599, 2.386
3600, 2.389
3601, 2.389
3602, 2.383
3603, 2.386
3604, 2.386
3605, 2.386
3606, 2.389
3607, 2.389
3608, 2.389
3609, 2.389
3610, 2.389
3611, 2.392
3612, 2.392
3613, 2.392
3614, 2.392
3615, 2.392
3616, 2.392
3617, 2.392
3618, 2.389
3619, 2.389
3620, 2.392
3621, 2.392
3622, 2.392
3623, 2.392
3624, 2.392
3625, 2.392
3626, 2.392
3627, 2.392
3628, 2.392
3629, 2.392
3630, 2.392
3631, 2.395
3632, 2.392
3633, 2.392
3634, 2.392
3635, 2.395
3636, 2.392
3637, 2.392
3638, 2.392
3639, 2.392
3640, 2.392
3641, 2.392
3642, 2.392
3643, 2.392
3644, 2.392
3645, 2.392
3646, 2.392
3647, 2.392
3648, 2.392
3649, 2.389
3650, 2.389
3651, 2.389
3652, 2.389
3653, 2.389
3654, 2.389
3655, 2.392
3656, 2.392
3657, 2.395
3658, 2.395
3659, 2.392
3660, 2.392
3661, 2.389
3662, 2.392
3663, 2.392
3664, 2.395
3665, 2.392
3666, 2.395
3667, 2.395
3668, 2.395
3669, 2.392
3670, 2.395
3671, 2.395
3672, 2.392
3673, 2.392
3674, 2.395
3675, 2.392
3676, 2.392
3677, 2.395
3678, 2.392
3679, 2.389
3680, 2.395
3681, 2.395
3682, 2.392
3683, 2.395
3684, 2.392
3685, 2.392
3686, 2.395
3687, 2.395
3688, 2.392
3689, 2.395
3690, 2.395
3691, 2.395
3692, 2.395
3693, 2.392
3694, 2.395
3695, 2.395
3696, 2.392
3697, 2.395
3698, 2.392
3699, 2.395
3700, 2.395
3701, 2.392
3702, 2.392
3703, 2.395
3704, 2.395
3705, 2.395
3706, 2.395
3707, 2.395
3708, 2.395
3709, 2.395
3710, 2.398
3711, 2.395
3712, 2.395
3713, 2.392
3714, 2.395
3715, 2.389
3716, 2.395
3717, 2.395
3718, 2.395
3719, 2.395
3720, 2.395
3721, 2.395
3722, 2.395
3723, 2.395
3724, 2.395
3725, 2.395
3726, 2.392
3727, 2.395
3728, 2.392
3729, 2.395
3730, 2.395
3731, 2.395
3732, 2.395
3733, 2.395
3734, 2.395
3735, 2.395
3736, 2.395
3737, 2.395
3738, 2.395
3739, 2.395
3740, 2.395
3741, 2.395
3742, 2.398
3743, 2.395
3744, 2.395
3745, 2.383
3746, 2.395
3747, 2.395
3748, 2.395
3749, 2.392
3750, 2.395
3751, 2.395
3752, 2.395
3753, 2.395
3754, 2.395
3755, 2.395
3756, 2.395
3757, 2.395
3758, 2.395
3759, 2.38
3760, 2.392
3761, 2.395
3762, 2.389
3763, 2.395
3764, 2.389
3765, 2.395
3766, 2.395
3767, 2.392
3768, 2.395
3769, 2.395
3770, 2.395
3771, 2.395
3772, 2.392
3773, 2.395
3774, 2.395
3775, 2.398
3776, 2.404
3777, 2.407
3778, 2.407
3779, 2.404
3780, 2.404
3781, 2.404
3782, 2.404
3783, 2.404
3784, 2.407
3785, 2.404
3786, 2.404
3787, 2.407
3788, 2.407
3789, 2.404
3790, 2.404
3791, 2.407
3792, 2.404
3793, 2.407
3794, 2.407
3795, 2.407
3796, 2.407
3797, 2.407
3798, 2.407
3799, 2.404
3800, 2.407
3801, 2.404
3802, 2.404
3803, 2.404
3804, 2.404
3805, 2.404
3806, 2.404
3807, 2.407
3808, 2.407
3809, 2.407
3810, 2.407
3811, 2.407
3812, 2.401
3813, 2.401
3814, 2.404
3815, 2.404
3816, 2.407
3817, 2.407
3818, 2.404
3819, 2.407
3820, 2.404
3821, 2.404
3822, 2.404
3823, 2.407
3824, 2.404
3825, 2.407
3826, 2.407
3827, 2.41
3828, 2.407
3829, 2.404
3830, 2.398
3831, 2.404
3832, 2.407
3833, 2.407
3834, 2.407
3835, 2.404
3836, 2.401
3837, 2.404
3838, 2.404
3839, 2.404
3840, 2.407
3841, 2.404
3842, 2.407
3843, 2.407
3844, 2.407
3845, 2.407
3846, 2.407
3847, 2.404
3848, 2.407
3849, 2.407
3850, 2.404
3851, 2.407
3852, 2.407
3853, 2.407
3854, 2.407
3855, 2.407
3856, 2.404
3857, 2.407
3858, 2.407
3859, 2.404
3860, 2.407
3861, 2.407
3862, 2.404
3863, 2.407
3864, 2.407
3865, 2.404
3866, 2.407
3867, 2.407
3868, 2.407
3869, 2.407
3870, 2.407
3871, 2.407
3872, 2.407
3873, 2.407
3874, 2.404
3875, 2.404
3876, 2.407
3877, 2.404
3878, 2.407
3879, 2.407
3880, 2.407
3881, 2.407
3882, 2.407
3883, 2.407
3884, 2.407
3885, 2.404
3886, 2.407
3887, 2.407
3888, 2.407
3889, 2.404
3890, 2.407
3891, 2.407
3892, 2.407
3893, 2.404
3894, 2.407
3895, 2.407
3896, 2.404
3897, 2.404
3898, 2.404
3899, 2.407
3900, 2.407
3901, 2.404
3902, 2.404
3903, 2.407
3904, 2.404
3905, 2.407
3906, 2.407
3907, 2.407
3908, 2.404
3909, 2.407
3910, 2.407
3911, 2.407
3912, 2.407
3913, 2.407
3914, 2.407
3915, 2.404
3916, 2.404
3917, 2.404
3918, 2.404
3919, 2.404
3920, 2.404
3921, 2.404
3922, 2.404
3923, 2.404
3924, 2.404
3925, 2.401
3926, 2.401
3927, 2.407
3928, 2.404
3929, 2.404
3930, 2.404
3931, 2.407
3932, 2.404
3933, 2.407
3934, 2.404
3935, 2.404
3936, 2.401
3937, 2.407
3938, 2.407
3939, 2.407
3940, 2.407
3941, 2.407
3942, 2.404
3943, 2.407
3944, 2.407
3945, 2.401
3946, 2.407
3947, 2.407
3948, 2.407
3949, 2.407
3950, 2.407
3951, 2.407
3952, 2.404
3953, 2.404
3954, 2.407
3955, 2.407
3956, 2.407
3957, 2.407
3958, 2.404
3959, 2.41
3960, 2.41
3961, 2.41
3962, 2.407
3963, 2.407
3964, 2.407
3965, 2.41
3966, 2.41
3967, 2.41
3968, 2.407
3969, 2.41
3970, 2.41
3971, 2.413
3972, 2.41
3973, 2.41
3974, 2.41
3975, 2.413
3976, 2.413
3977, 2.413
3978, 2.413
3979, 2.41
3980, 2.41
3981, 2.413
3982, 2.416
3983, 2.413
3984, 2.416
3985, 2.41
3986, 2.413
3987, 2.413
3988, 2.416
3989, 2.41
3990, 2.413
3991, 2.413
3992, 2.41
3993, 2.41
3994, 2.413
3995, 2.413
3996, 2.41
3997, 2.413
3998, 2.413
3999, 2.413
4000, 2.41
4001, 2.413
4002, 2.413
4003, 2.413
4004, 2.413
4005, 2.413
4006, 2.413
4007, 2.413
4008, 2.413
4009, 2.413
4010, 2.413
4011, 2.413
4012, 2.41
4013, 2.413
4014, 2.416
4015, 2.413
4016, 2.413
4017, 2.41
4018, 2.413
4019, 2.413
4020, 2.413
4021, 2.416
4022, 2.413
4023, 2.413
4024, 2.413
4025, 2.41
4026, 2.41
4027, 2.41
4028, 2.413
4029, 2.41
4030, 2.413
4031, 2.413
4032, 2.413
4033, 2.413
4034, 2.413
4035, 2.413
4036, 2.41
4037, 2.413
4038, 2.413
4039, 2.413
4040, 2.413
4041, 2.413
4042, 2.41
4043, 2.41
4044, 2.41
4045, 2.413
4046, 2.413
4047, 2.416
4048, 2.41
4049, 2.413
4050, 2.41
4051, 2.413
4052, 2.413
4053, 2.416
4054, 2.413
4055, 2.413
4056, 2.413
4057, 2.413
4058, 2.413
4059, 2.413
4060, 2.416
4061, 2.413
4062, 2.413
4063, 2.416
4064, 2.416
4065, 2.41
4066, 2.413
4067, 2.413
4068, 2.413
4069, 2.413
4070, 2.413
4071, 2.416
4072, 2.413
4073, 2.413
4074, 2.413
4075, 2.413
4076, 2.413
4077, 2.413
4078, 2.413
4079, 2.413
4080, 2.413
4081, 2.413
4082, 2.413
4083, 2.413
4084, 2.413
4085, 2.413
4086, 2.413
4087, 2.413
4088, 2.413
4089, 2.413
4090, 2.413
4091, 2.413
4092, 2.416
4093, 2.413
4094, 2.413
4095, 2.41
4096, 2.413
4097, 2.413
4098, 2.413
4099, 2.413
4100, 2.413
4101, 2.413
4102, 2.41
4103, 2.413
4104, 2.413
4105, 2.413
4106, 2.413
4107, 2.413
4108, 2.413
4109, 2.413
4110, 2.413
4111, 2.413
4112, 2.413
4113, 2.413
4114, 2.413
4115, 2.413
4116, 2.413
4117, 2.41
4118, 2.41
4119, 2.413
4120, 2.413
4121, 2.41
4122, 2.416
4123, 2.413
4124, 2.416
4125, 2.413
4126, 2.413
4127, 2.413
4128, 2.413
4129, 2.413
4130, 2.413
4131, 2.413
4132, 2.413
4133, 2.416
4134, 2.416
4135, 2.413
4136, 2.413
4137, 2.416
4138, 2.416
4139, 2.413
4140, 2.413
4141, 2.413
4142, 2.413
4143, 2.413
4144, 2.413
4145, 2.413
4146, 2.413
4147, 2.413
4148, 2.413
4149, 2.413
4150, 2.416
4151, 2.413
4152, 2.413
4153, 2.413
4154, 2.413
4155, 2.413
4156, 2.41
4157, 2.413
4158, 2.416
4159, 2.416
4160, 2.416
4161, 2.413
4162, 2.413
4163, 2.416
4164, 2.413
4165, 2.416
4166, 2.416
4167, 2.419
4168, 2.419
4169, 2.416
4170, 2.422
4171, 2.419
4172, 2.422
4173, 2.422
4174, 2.422
4175, 2.425
4176, 2.422
4177, 2.422
4178, 2.425
4179, 2.425
4180, 2.428
4181, 2.431
4182, 2.431
4183, 2.434
4184, 2.434
4185, 2.437
4186, 2.434
4187, 2.437
4188, 2.437
4189, 2.437
4190, 2.434
4191, 2.434
4192, 2.431
4193, 2.428
4194, 2.428
4195, 2.428
4196, 2.425
4197, 2.425
4198, 2.419
4199, 2.416
4200, 2.41
4201, 2.398
4202, 2.395
4203, 2.389
4204, 2.389
4205, 2.389
4206, 2.389
4207, 2.386
4208, 2.386
4209, 2.383
4210, 2.38
4211, 2.377
4212, 2.368
4213, 2.371
4214, 2.371
4215, 2.374
4216, 2.371
4217, 2.371
4218, 2.371
4219, 2.371
4220, 2.371
4221, 2.371
4222, 2.374
4223, 2.371
4224, 2.368
4225, 2.371
4226, 2.362
4227, 2.362
4228, 2.356
4229, 2.35
4230, 2.344
4231, 2.332
4232, 2.32
4233, 2.308
4234, 2.302
4235, 2.296
4236, 2.293
4237, 2.296
4238, 2.296
4239, 2.296
4240, 2.296
4241, 2.296
4242, 2.293
4243, 2.296
4244, 2.296
4245, 2.293
4246, 2.293
4247, 2.296
4248, 2.293
4249, 2.293
4250, 2.293
4251, 2.29
4252, 2.284
4253, 2.281
4254, 2.275
4255, 2.269
4256, 2.266
4257, 2.266
4258, 2.266
4259, 2.266
4260, 2.26
4261, 2.257
4262, 2.257
4263, 2.257
4264, 2.257
4265, 2.257
4266, 2.257
4267, 2.257
4268, 2.254
4269, 2.254
4270, 2.254
4271, 2.257
4272, 2.257
4273, 2.257
4274, 2.257
4275, 2.257
4276, 2.257
4277, 2.254
4278, 2.257
4279, 2.257
4280, 2.254
4281, 2.254
4282, 2.257
4283, 2.257
4284, 2.254
4285, 2.251
4286, 2.251
4287, 2.254
4288, 2.254
4289, 2.254
4290, 2.254
4291, 2.251
4292, 2.251
4293, 2.248
4294, 2.254
4295, 2.254
4296, 2.251
4297, 2.251
4298, 2.254
4299, 2.251
4300, 2.254
4301, 2.254
4302, 2.254
4303, 2.251
4304, 2.254
4305, 2.254
4306, 2.254
4307, 2.251
4308, 2.254
4309, 2.251
4310, 2.251
4311, 2.254
4312, 2.248
4313, 2.254
4314, 2.254
4315, 2.254
4316, 2.254
4317, 2.254
4318, 2.251
4319, 2.254
4320, 2.254
4321, 2.254
4322, 2.254
4323, 2.251
4324, 2.251
4325, 2.254
4326, 2.251
4327, 2.251
4328, 2.254
4329, 2.254
4330, 2.254
4331, 2.251
4332, 2.254
4333, 2.254
4334, 2.254
4335, 2.254
4336, 2.251
4337, 2.254
4338, 2.254
4339, 2.251
4340, 2.254
4341, 2.254
4342, 2.248
4343, 2.251
4344, 2.251
4345, 2.254
4346, 2.254
4347, 2.254
4348, 2.254
4349, 2.254
4350, 2.254
4351, 2.251
4352, 2.251
4353, 2.254
4354, 2.254
4355, 2.254
4356, 2.251
4357, 2.251
4358, 2.254
4359, 2.254
4360, 2.251
4361, 2.254
4362, 2.251
4363, 2.254
4364, 2.254
4365, 2.254
4366, 2.254
4367, 2.251
4368, 2.254
4369, 2.251
4370, 2.251
4371, 2.251
4372, 2.254
4373, 2.254
4374, 2.254
4375, 2.254
4376, 2.254
4377, 2.254
4378, 2.251
4379, 2.254
4380, 2.254
4381, 2.254
4382, 2.254
4383, 2.254
4384, 2.254
4385, 2.251
4386, 2.254
4387, 2.251
4388, 2.254
4389, 2.254
4390, 2.254
4391, 2.254
4392, 2.254
4393, 2.254
4394, 2.251
4395, 2.251
4396, 2.251
4397, 2.254
4398, 2.254
4399, 2.245
4400, 2.254
4401, 2.251
4402, 2.254
4403, 2.254
4404, 2.251
4405, 2.254
4406, 2.251
4407, 2.254
4408, 2.251
4409, 2.251
4410, 2.248
4411, 2.254
4412, 2.254
4413, 2.254
4414, 2.254
4415, 2.251
4416, 2.251
4417, 2.251
4418, 2.254
4419, 2.251
4420, 2.251
4421, 2.251
4422, 2.251
4423, 2.254
4424, 2.254
4425, 2.251
4426, 2.248
4427, 2.254
4428, 2.251
4429, 2.251
4430, 2.251
4431, 2.251
4432, 2.254
4433, 2.251
4434, 2.251
4435, 2.251
4436, 2.254
4437, 2.254
4438, 2.254
4439, 2.254
4440, 2.251
4441, 2.251
4442, 2.254
4443, 2.254
4444, 2.251
4445, 2.251
4446, 2.254
4447, 2.254
4448, 2.254
4449, 2.254
4450, 2.254
4451, 2.254
4452, 2.251
4453, 2.248
4454, 2.251
4455, 2.251
4456, 2.251
4457, 2.251
4458, 2.254
4459, 2.251
4460, 2.251
4461, 2.254
4462, 2.254
4463, 2.251
4464, 2.254
4465, 2.254
4466, 2.254
4467, 2.254
4468, 2.251
4469, 2.251
4470, 2.245
4471, 2.251
4472, 2.251
4473, 2.254
4474, 2.251
4475, 2.254
4476, 2.254
4477, 2.251
4478, 2.254
4479, 2.254
4480, 2.254
4481, 2.251
4482, 2.251
4483, 2.254
4484, 2.248
4485, 2.254
4486, 2.251
4487, 2.248
4488, 2.254
4489, 2.254
4490, 2.251
4491, 2.254
4492, 2.251
4493, 2.251
4494, 2.251
4495, 2.248
4496, 2.236
4497, 2.245
4498, 2.248
4499, 2.248
4500, 2.215
4501, 2.248
4502, 2.248
4503, 2.218
4504, 2.248
4505, 2.248
4506, 2.245
4507, 2.245
4508, 2.239
4509, 2.236
4510, 2.23
4511, 2.227
4512, 2.221
4513, 2.212
4514, 2.203
4515, 2.203
4516, 2.197
4517, 2.191
4518, 2.188
4519, 2.191
4520, 2.191
4521, 2.182
4522, 2.194
4523, 2.203
4524, 2.209
4525, 2.218
4526, 2.224
4527, 2.236
4528, 2.212
4529, 2.227
4530, 2.266
4531, 2.275
4532, 2.269
4533, 2.296
4534, 2.308
4535, 2.326
4536, 2.35
4537, 2.356
4538, 2.362
4539, 2.368
4540, 2.374
4541, 2.377
4542, 2.377
4543, 2.383
4544, 2.386
4545, 2.389
4546, 2.389
4547, 2.389
4548, 2.389
4549, 2.392
4550, 2.389
4551, 2.395
4552, 2.392
4553, 2.392
4554, 2.392
4555, 2.395
4556, 2.395
4557, 2.395
4558, 2.392
4559, 2.395
4560, 2.392
4561, 2.395
4562, 2.395
4563, 2.395
4564, 2.395
4565, 2.392
4566, 2.392
4567, 2.395
4568, 2.395
4569, 2.395
4570, 2.392
4571, 2.392
4572, 2.395
4573, 2.392
4574, 2.395
4575, 2.395
4576, 2.395
4577, 2.395
4578, 2.392
4579, 2.395
4580, 2.395
4581, 2.392
4582, 2.395
4583, 2.395
4584, 2.395
4585, 2.395
4586, 2.395
4587, 2.395
4588, 2.395
4589, 2.395
4590, 2.392
4591, 2.392
4592, 2.392
4593, 2.395
4594, 2.395
4595, 2.395
4596, 2.392
4597, 2.395
4598, 2.392
4599, 2.392
4600, 2.395
4601, 2.392
4602, 2.395
4603, 2.392
4604, 2.392
4605, 2.392
4606, 2.392
4607, 2.395
4608, 2.395
4609, 2.395
4610, 2.392
4611, 2.392
4612, 2.392
4613, 2.392
4614, 2.386
4615, 2.395
4616, 2.395
4617, 2.395
4618, 2.395
4619, 2.392
4620, 2.392
4621, 2.392
4622, 2.392
4623, 2.392
4624, 2.395
4625, 2.392
4626, 2.392
4627, 2.395
4628, 2.395
4629, 2.395
4630, 2.392
4631, 2.392
4632, 2.392
4633, 2.392
4634, 2.389
4635, 2.392
4636, 2.395
4637, 2.395
4638, 2.392
4639, 2.395
4640, 2.392
4641, 2.389
4642, 2.389
4643, 2.392
4644, 2.392
4645, 2.395
4646, 2.395
4647, 2.395
4648, 2.395
4649, 2.392
4650, 2.395
4651, 2.392
4652, 2.392
4653, 2.392
4654, 2.392
4655, 2.395
4656, 2.395
4657, 2.395
4658, 2.392
4659, 2.395
4660, 2.395
4661, 2.395
4662, 2.395
4663, 2.395
4664, 2.395
4665, 2.392
4666, 2.395
4667, 2.392
4668, 2.392
4669, 2.395
4670, 2.392
4671, 2.395
4672, 2.392
4673, 2.395
4674, 2.392
4675, 2.392
4676, 2.389
4677, 2.392
4678, 2.392
4679, 2.392
4680, 2.392
4681, 2.392
4682, 2.392
4683, 2.392
4684, 2.392
4685, 2.392
4686, 2.392
4687, 2.389
4688, 2.389
4689, 2.392
4690, 2.392
4691, 2.392
4692, 2.386
4693, 2.392
4694, 2.386
4695, 2.392
4696, 2.392
4697, 2.392
4698, 2.392
4699, 2.392
4700, 2.392
4701, 2.392
4702, 2.392
4703, 2.392
4704, 2.392
4705, 2.392
4706, 2.392
4707, 2.389
4708, 2.392
4709, 2.389
4710, 2.392
4711, 2.392
4712, 2.392
4713, 2.389
4714, 2.389
4715, 2.392
4716, 2.389
4717, 2.389
4718, 2.392
4719, 2.389
4720, 2.389
4721, 2.389
4722, 2.392
4723, 2.392
4724, 2.392
4725, 2.392
4726, 2.389
4727, 2.389
4728, 2.392
4729, 2.389
4730, 2.389
4731, 2.389
4732, 2.392
4733, 2.392
4734, 2.389
4735, 2.389
4736, 2.389
4737, 2.392
4738, 2.392
4739, 2.389
4740, 2.392
4741, 2.392
4742, 2.392
4743, 2.392
4744, 2.392
4745, 2.389
4746, 2.389
4747, 2.392
4748, 2.389
4749, 2.389
4750, 2.389
4751, 2.392
4752, 2.392
4753, 2.389
4754, 2.389
4755, 2.392
4756, 2.383
4757, 2.389
4758, 2.389
4759, 2.389
4760, 2.389
4761, 2.389
4762, 2.392
4763, 2.392
4764, 2.392
4765, 2.389
4766, 2.392
4767, 2.392
4768, 2.392
4769, 2.389
4770, 2.392
4771, 2.392
4772, 2.389
4773, 2.389
4774, 2.392
4775, 2.389
4776, 2.392
4777, 2.392
4778, 2.389
4779, 2.392
4780, 2.392
4781, 2.389
4782, 2.386
4783, 2.389
4784, 2.389
4785, 2.389
4786, 2.389
4787, 2.392
4788, 2.392
4789, 2.392
4790, 2.392
4791, 2.392
4792, 2.392
4793, 2.389
4794, 2.392
4795, 2.392
4796, 2.392
4797, 2.392
4798, 2.392
4799, 2.389
4800, 2.392
4801, 2.395
4802, 2.392
4803, 2.392
4804, 2.392
4805, 2.389
4806, 2.389
4807, 2.389
4808, 2.389
4809, 2.392
4810, 2.392
4811, 2.389
4812, 2.392
4813, 2.392
4814, 2.392
4815, 2.389
4816, 2.392
4817, 2.392
4818, 2.392
4819, 2.392
4820, 2.389
4821, 2.389
4822, 2.392
4823, 2.392
4824, 2.389
4825, 2.392
4826, 2.383
4827, 2.392
4828, 2.389
4829, 2.392
4830, 2.392
4831, 2.389
4832, 2.389
4833, 2.392
4834, 2.389
4835, 2.392
4836, 2.392
4837, 2.392
4838, 2.392
4839, 2.392
4840, 2.392
4841, 2.392
4842, 2.392
4843, 2.392
4844, 2.389
4845, 2.392
4846, 2.392
4847, 2.389
4848, 2.392
4849, 2.392
4850, 2.392
4851, 2.389
4852, 2.392
4853, 2.392
4854, 2.392
4855, 2.392
4856, 2.392
4857, 2.392
4858, 2.392
4859, 2.392
4860, 2.392
4861, 2.392
4862, 2.392
4863, 2.392
4864, 2.392
4865, 2.392
4866, 2.392
4867, 2.392
4868, 2.392
4869, 2.392
4870, 2.392
4871, 2.392
4872, 2.389
4873, 2.389
4874, 2.392
4875, 2.389
4876, 2.392
4877, 2.392
4878, 2.392
4879, 2.392
4880, 2.389
4881, 2.392
4882, 2.389
4883, 2.389
4884, 2.392
4885, 2.389
4886, 2.389
4887, 2.392
4888, 2.392
4889, 2.392
4890, 2.392
4891, 2.389
4892, 2.392
4893, 2.392
4894, 2.392
4895, 2.392
4896, 2.392
4897, 2.392
4898, 2.392
4899, 2.392
4900, 2.392
4901, 2.395
4902, 2.392
4903, 2.392
4904, 2.389
4905, 2.392
4906, 2.389
4907, 2.389
4908, 2.392
4909, 2.392
4910, 2.392
4911, 2.392
4912, 2.392
4913, 2.392
4914, 2.392
4915, 2.392
4916, 2.395
4917, 2.392
4918, 2.392
4919, 2.392
4920, 2.392
4921, 2.392
4922, 2.392
4923, 2.392
4924, 2.392
4925, 2.392
4926, 2.392
4927, 2.392
4928, 2.392
4929, 2.392
4930, 2.392
4931, 2.392
4932, 2.392
4933, 2.392
4934, 2.392
4935, 2.392
4936, 2.392
4937, 2.392
4938, 2.392
4939, 2.392
4940, 2.389
4941, 2.389
4942, 2.392
4943, 2.386
4944, 2.389
4945, 2.389
4946, 2.392
4947, 2.392
4948, 2.386
4949, 2.392
4950, 2.392
4951, 2.392
4952, 2.392
4953, 2.389
4954, 2.389
4955, 2.389
4956, 2.392
4957, 2.389
4958, 2.386
4959, 2.389
4960, 2.389
4961, 2.389
4962, 2.392
4963, 2.392
4964, 2.389
4965, 2.389
4966, 2.389
4967, 2.392
4968, 2.392
4969, 2.386
4970, 2.386
4971, 2.389
4972, 2.392
4973, 2.389
4974, 2.389
4975, 2.389
4976, 2.389
4977, 2.389
4978, 2.392
4979, 2.392
4980, 2.392
4981, 2.392
4982, 2.389
4983, 2.389
4984, 2.386
4985, 2.389
4986, 2.392
4987, 2.386
4988, 2.386
4989, 2.386
4990, 2.389
4991, 2.392
4992, 2.386
4993, 2.389
4994, 2.389
4995, 2.386
4996, 2.392
4997, 2.392
4998, 2.389
4999, 2.389
5000, 2.389
5001, 2.389
5002, 2.389
5003, 2.389
5004, 2.389
5005, 2.386
5006, 2.389
5007, 2.389
5008, 2.386
5009, 2.386
5010, 2.386
5011, 2.383
5012, 2.389
5013, 2.386
5014, 2.383
5015, 2.386
5016, 2.383
5017, 2.38
5018, 2.38
5019, 2.377
5020, 2.38
5021, 2.377
5022, 2.377
5023, 2.374
5024, 2.371
5025, 2.368
5026, 2.368
5027, 2.365
5028, 2.362
5029, 2.365
5030, 2.362
5031, 2.362
5032, 2.362
5033, 2.365
5034, 2.362
5035, 2.362
5036, 2.362
5037, 2.362
5038, 2.359
5039, 2.362
5040, 2.362
5041, 2.362
5042, 2.362
5043, 2.362
5044, 2.362
5045, 2.359
5046, 2.359
5047, 2.359
5048, 2.362
5049, 2.362
5050, 2.362
5051, 2.362
5052, 2.362
5053, 2.362
5054, 2.362
5055, 2.362
5056, 2.362
5057, 2.362
5058, 2.362
5059, 2.362
5060, 2.362
5061, 2.362
5062, 2.362
5063, 2.362
5064, 2.362
5065, 2.362
5066, 2.359
5067, 2.359
5068, 2.362
5069, 2.362
5070, 2.362
5071, 2.362
5072, 2.359
5073, 2.362
5074, 2.362
5075, 2.362
5076, 2.362
5077, 2.362
5078, 2.362
5079, 2.362
5080, 2.362
5081, 2.362
5082, 2.362
5083, 2.362
5084, 2.362
5085, 2.362
5086, 2.359
5087, 2.362
5088, 2.362
5089, 2.362
5090, 2.362
5091, 2.362
5092, 2.362
5093, 2.362
5094, 2.362
5095, 2.362
5096, 2.359
5097, 2.362
5098, 2.362
5099, 2.362
5100, 2.362
5101, 2.362
5102, 2.362
5103, 2.362
5104, 2.362
5105, 2.359
5106, 2.362
5107, 2.362
5108, 2.362
5109, 2.362
5110, 2.362
5111, 2.359
5112, 2.362
5113, 2.362
5114, 2.362
5115, 2.362
5116, 2.362
5117, 2.362
5118, 2.359
5119, 2.362
5120, 2.362
5121, 2.362
5122, 2.362
5123, 2.362
5124, 2.362
5125, 2.362
5126, 2.362
5127, 2.362
5128, 2.362
5129, 2.362
5130, 2.362
5131, 2.362
5132, 2.359
5133, 2.359
5134, 2.362
5135, 2.362
5136, 2.362
5137, 2.362
5138, 2.362
5139, 2.362
5140, 2.362
5141, 2.362
5142, 2.359
5143, 2.362
5144, 2.362
5145, 2.362
5146, 2.362
5147, 2.362
5148, 2.362
5149, 2.362
5150, 2.362
5151, 2.362
5152, 2.359
5153, 2.362
5154, 2.362
5155, 2.359
5156, 2.362
5157, 2.362
5158, 2.362
5159, 2.362
5160, 2.362
5161, 2.362
5162, 2.362
5163, 2.359
5164, 2.359
5165, 2.362
5166, 2.362
5167, 2.362
5168, 2.362
5169, 2.362
5170, 2.359
5171, 2.362
5172, 2.362
5173, 2.362
5174, 2.359
5175, 2.362
5176, 2.362
5177, 2.362
5178, 2.362
5179, 2.365
5180, 2.359
5181, 2.359
5182, 2.362
5183, 2.359
5184, 2.362
5185, 2.362
5186, 2.362
5187, 2.362
5188, 2.362
5189, 2.362
5190, 2.362
5191, 2.362
5192, 2.365
5193, 2.362
5194, 2.362
5195, 2.362
5196, 2.362
5197, 2.359
5198, 2.359
5199, 2.362
5200, 2.362
5201, 2.362
5202, 2.362
5203, 2.362
5204, 2.362
5205, 2.362
5206, 2.362
5207, 2.362
5208, 2.362
5209, 2.359
5210, 2.362
5211, 2.362
5212, 2.359
5213, 2.362
5214, 2.362
5215, 2.365
5216, 2.362
5217, 2.356
5218, 2.359
5219, 2.359
5220, 2.359
5221, 2.362
5222, 2.359
5223, 2.359
5224, 2.359
5225, 2.359
5226, 2.362
5227, 2.359
5228, 2.362
5229, 2.359
5230, 2.359
5231, 2.362
5232, 2.362
5233, 2.359
5234, 2.362
5235, 2.362
5236, 2.362
5237, 2.362
5238, 2.362
5239, 2.362
5240, 2.362
5241, 2.362
5242, 2.359
5243, 2.362
5244, 2.362
5245, 2.362
5246, 2.362
5247, 2.359
5248, 2.359
5249, 2.359
5250, 2.356
5251, 2.362
5252, 2.362
5253, 2.365
5254, 2.362
5255, 2.359
5256, 2.359
5257, 2.359
5258, 2.359
5259, 2.359
5260, 2.359
5261, 2.362
5262, 2.362
5263, 2.362
5264, 2.362
5265, 2.362
5266, 2.359
5267, 2.365
5268, 2.362
5269, 2.362
5270, 2.359
5271, 2.359
5272, 2.359
5273, 2.356
5274, 2.359
5275, 2.359
5276, 2.362
5277, 2.362
5278, 2.362
5279, 2.359
5280, 2.362
5281, 2.359
5282, 2.362
5283, 2.362
5284, 2.362
5285, 2.362
5286, 2.359
5287, 2.362
5288, 2.359
5289, 2.362
5290, 2.362
5291, 2.359
5292, 2.362
5293, 2.362
5294, 2.362
5295, 2.362
5296, 2.362
5297, 2.362
5298, 2.362
5299, 2.362
5300, 2.362
5301, 2.362
5302, 2.362
5303, 2.362
5304, 2.362
5305, 2.362
5306, 2.362
5307, 2.359
5308, 2.359
5309, 2.359
5310, 2.359
5311, 2.362
5312, 2.362
5313, 2.365
5314, 2.362
5315, 2.365
5316, 2.362
5317, 2.362
5318, 2.362
5319, 2.365
5320, 2.362
5321, 2.362
5322, 2.359
5323, 2.362
5324, 2.362
5325, 2.362
5326, 2.359
5327, 2.359
5328, 2.362
5329, 2.362
5330, 2.362
5331, 2.362
5332, 2.362
5333, 2.362
5334, 2.362
5335, 2.362
5336, 2.362
5337, 2.359
5338, 2.362
5339, 2.362
5340, 2.362
5341, 2.359
5342, 2.362
5343, 2.359
5344, 2.362
5345, 2.362
5346, 2.362
5347, 2.362
5348, 2.359
5349, 2.359
5350, 2.362
5351, 2.362
5352, 2.362
5353, 2.359
5354, 2.359
5355, 2.359
5356, 2.359
5357, 2.362
5358, 2.362
5359, 2.362
5360, 2.362
5361, 2.359
5362, 2.362
5363, 2.359
5364, 2.362
5365, 2.359
5366, 2.362
5367, 2.362
5368, 2.359
5369, 2.362
5370, 2.362
5371, 2.362
5372, 2.362
5373, 2.359
5374, 2.359
5375, 2.362
5376, 2.359
5377, 2.359
5378, 2.359
5379, 2.362
5380, 2.359
5381, 2.359
5382, 2.362
5383, 2.359
5384, 2.362
5385, 2.362
5386, 2.365
5387, 2.362
5388, 2.362
5389, 2.362
5390, 2.362
5391, 2.356
5392, 2.356
5393, 2.359
5394, 2.362
5395, 2.362
5396, 2.362
5397, 2.362
5398, 2.362
5399, 2.362
5400, 2.362
5401, 2.362
5402, 2.362
5403, 2.362
5404, 2.359
5405, 2.362
5406, 2.359
5407, 2.359
5408, 2.362
5409, 2.362
5410, 2.359
5411, 2.362
5412, 2.362
5413, 2.362
5414, 2.362
5415, 2.359
5416, 2.359
5417, 2.362
5418, 2.362
5419, 2.362
5420, 2.362
5421, 2.362
5422, 2.362
5423, 2.362
5424, 2.362
5425, 2.362
5426, 2.362
5427, 2.362
5428, 2.362
5429, 2.362
5430, 2.362
5431, 2.362
5432, 2.362
5433, 2.362
5434, 2.362
5435, 2.362
5436, 2.362
5437, 2.362
5438, 2.362
5439, 2.362
5440, 2.362
5441, 2.359
5442, 2.359
5443, 2.356
5444, 2.356
5445, 2.362
5446, 2.359
5447, 2.359
5448, 2.359
5449, 2.359
5450, 2.359
5451, 2.359
5452, 2.359
5453, 2.356
5454, 2.356
5455, 2.353
5456, 2.356
5457, 2.356
5458, 2.359
5459, 2.359
5460, 2.359
5461, 2.353
5462, 2.353
5463, 2.356
5464, 2.359
5465, 2.359
5466, 2.356
5467, 2.356
5468, 2.359
5469, 2.359
5470, 2.359
5471, 2.356
5472, 2.356
5473, 2.359
5474, 2.359
5475, 2.353
5476, 2.359
5477, 2.359
5478, 2.356
5479, 2.356
5480, 2.359
5481, 2.359
5482, 2.362
5483, 2.359
5484, 2.362
5485, 2.359
5486, 2.362
5487, 2.362
5488, 2.359
5489, 2.362
5490, 2.359
5491, 2.359
5492, 2.359
5493, 2.359
5494, 2.359
5495, 2.362
5496, 2.362
5497, 2.359
5498, 2.362
5499, 2.362
5500, 2.362
5501, 2.362
5502, 2.362
5503, 2.362
5504, 2.362
5505, 2.362
5506, 2.362
5507, 2.362
5508, 2.362
5509, 2.362
5510, 2.362
5511, 2.362
5512, 2.362
5513, 2.362
5514, 2.359
5515, 2.362
5516, 2.359
5517, 2.362
5518, 2.362
5519, 2.359
5520, 2.359
5521, 2.362
5522, 2.359
5523, 2.359
5524, 2.362
5525, 2.359
5526, 2.359
5527, 2.362
5528, 2.359
5529, 2.362
5530, 2.359
5531, 2.359
5532, 2.362
5533, 2.353
5534, 2.362
5535, 2.359
5536, 2.362
5537, 2.359
5538, 2.359
5539, 2.359
5540, 2.359
5541, 2.359
5542, 2.362
5543, 2.362
5544, 2.362
5545, 2.362
5546, 2.362
5547, 2.359
5548, 2.362
5549, 2.356
5550, 2.362
5551, 2.362
5552, 2.362
5553, 2.362
5554, 2.359
5555, 2.362
5556, 2.362
5557, 2.362
5558, 2.362
5559, 2.359
5560, 2.362
5561, 2.359
5562, 2.362
5563, 2.362
5564, 2.362
5565, 2.362
5566, 2.362
5567, 2.365
5568, 2.362
5569, 2.359
5570, 2.362
5571, 2.362
5572, 2.362
5573, 2.362
5574, 2.362
5575, 2.362
5576, 2.362
5577, 2.365
5578, 2.362
5579, 2.362
5580, 2.362
5581, 2.362
5582, 2.362
5583, 2.362
5584, 2.362
5585, 2.362
5586, 2.359
5587, 2.362
5588, 2.362
5589, 2.362
5590, 2.362
5591, 2.359
5592, 2.359
5593, 2.362
5594, 2.362
5595, 2.362
5596, 2.362
5597, 2.359
5598, 2.362
5599, 2.362
5600, 2.362
5601, 2.362
5602, 2.362
5603, 2.362
5604, 2.359
5605, 2.359
5606, 2.362
5607, 2.359
5608, 2.362
5609, 2.362
5610, 2.359
5611, 2.362
5612, 2.359
5613, 2.362
5614, 2.359
5615, 2.362
5616, 2.359
5617, 2.359
5618, 2.359
5619, 2.362
5620, 2.362
5621, 2.362
5622, 2.362
5623, 2.362
5624, 2.362
5625, 2.362
5626, 2.362
5627, 2.362
5628, 2.362
5629, 2.362
5630, 2.362
5631, 2.362
5632, 2.362
5633, 2.362
5634, 2.362
5635, 2.362
5636, 2.359
5637, 2.362
5638, 2.359
5639, 2.362
5640, 2.359
5641, 2.362
5642, 2.362
5643, 2.359
5644, 2.362
5645, 2.362
5646, 2.359
5647, 2.362
5648, 2.365
5649, 2.362
5650, 2.362
5651, 2.359
5652, 2.362
5653, 2.362
5654, 2.359
5655, 2.362
5656, 2.359
5657, 2.359
5658, 2.362
5659, 2.359
5660, 2.362
5661, 2.362
5662, 2.362
5663, 2.362
5664, 2.362
5665, 2.362
5666, 2.362
5667, 2.362
5668, 2.362
5669, 2.362
5670, 2.359
5671, 2.362
5672, 2.362
5673, 2.362
5674, 2.359
5675, 2.359
5676, 2.359
5677, 2.362
5678, 2.362
5679, 2.362
5680, 2.362
5681, 2.362
5682, 2.362
5683, 2.362
5684, 2.362
5685, 2.362
5686, 2.362
5687, 2.362
5688, 2.362
5689, 2.362
5690, 2.362
5691, 2.365
5692, 2.365
5693, 2.362
5694, 2.362
5695, 2.362
5696, 2.362
5697, 2.362
5698, 2.362
5699, 2.362
5700, 2.362
5701, 2.365
5702, 2.365
5703, 2.362
5704, 2.362
5705, 2.362
5706, 2.362
5707, 2.362
5708, 2.362
5709, 2.362
5710, 2.362
5711, 2.362
5712, 2.362
5713, 2.362
5714, 2.362
5715, 2.362
5716, 2.359
5717, 2.359
5718, 2.359
5719, 2.362
5720, 2.362
5721, 2.362
5722, 2.359
5723, 2.362
5724, 2.359
5725, 2.359
5726, 2.359
5727, 2.359
5728, 2.356
5729, 2.359
5730, 2.362
5731, 2.359
5732, 2.359
5733, 2.359
5734, 2.359
5735, 2.362
5736, 2.362
5737, 2.359
5738, 2.362
5739, 2.359
5740, 2.359
5741, 2.359
5742, 2.362
5743, 2.362
5744, 2.359
5745, 2.359
5746, 2.359
5747, 2.362
5748, 2.362
5749, 2.362
5750, 2.359
5751, 2.359
5752, 2.362
5753, 2.359
5754, 2.362
5755, 2.359
5756, 2.362
5757, 2.362
5758, 2.362
5759, 2.359
5760, 2.359
5761, 2.362
5762, 2.362
5763, 2.359
5764, 2.359
5765, 2.362
5766, 2.359
5767, 2.362
5768, 2.362
5769, 2.359
5770, 2.362
5771, 2.362
5772, 2.359
5773, 2.362
5774, 2.359
5775, 2.362
5776, 2.362
5777, 2.362
5778, 2.362
5779, 2.362
5780, 2.359
5781, 2.359
5782, 2.362
5783, 2.362
5784, 2.362
5785, 2.362
5786, 2.362
5787, 2.362
5788, 2.362
5789, 2.362
5790, 2.362
5791, 2.362
5792, 2.362
5793, 2.362
5794, 2.362
5795, 2.362
5796, 2.362
5797, 2.362
5798, 2.362
5799, 2.362
5800, 2.362
5801, 2.362
5802, 2.362
5803, 2.362
5804, 2.362
5805, 2.362
5806, 2.362
5807, 2.362
5808, 2.359
5809, 2.362
5810, 2.362
5811, 2.362
5812, 2.365
5813, 2.362
5814, 2.362
5815, 2.362
5816, 2.362
5817, 2.362
5818, 2.362
5819, 2.362
5820, 2.365
5821, 2.362
5822, 2.362
5823, 2.362
5824, 2.362
5825, 2.362
5826, 2.362
5827, 2.362
5828, 2.362
5829, 2.362
5830, 2.362
5831, 2.362
5832, 2.359
5833, 2.362
5834, 2.362
5835, 2.362
5836, 2.362
5837, 2.362
5838, 2.362
5839, 2.365
5840, 2.362
5841, 2.362
5842, 2.362
5843, 2.359
5844, 2.362
5845, 2.359
5846, 2.359
5847, 2.362
5848, 2.362
5849, 2.362
5850, 2.362
5851, 2.362
5852, 2.359
5853, 2.359
5854, 2.359
5855, 2.362
5856, 2.362
5857, 2.362
5858, 2.362
5859, 2.362
5860, 2.359
5861, 2.359
5862, 2.362
5863, 2.359
5864, 2.359
5865, 2.359
5866, 2.359
5867, 2.362
5868, 2.359
5869, 2.362
5870, 2.362
5871, 2.359
5872, 2.362
5873, 2.362
5874, 2.362
5875, 2.362
5876, 2.359
5877, 2.362
5878, 2.362
5879, 2.362
5880, 2.359
5881, 2.359
5882, 2.359
5883, 2.359
5884, 2.362
5885, 2.362
5886, 2.362
5887, 2.362
5888, 2.362
5889, 2.362
5890, 2.362
5891, 2.362
5892, 2.362
5893, 2.362
5894, 2.362
5895, 2.362
5896, 2.362
5897, 2.362
5898, 2.362
5899, 2.362
5900, 2.362
5901, 2.362
5902, 2.362
5903, 2.362
5904, 2.362
5905, 2.362
5906, 2.365
5907, 2.365
5908, 2.362
5909, 2.362
5910, 2.362
5911, 2.362
5912, 2.362
5913, 2.359
5914, 2.362
5915, 2.362
5916, 2.362
5917, 2.362
5918, 2.362
5919, 2.362
5920, 2.362
5921, 2.359
5922, 2.362
5923, 2.362
5924, 2.359
5925, 2.362
5926, 2.362
5927, 2.362
5928, 2.359
5929, 2.362
5930, 2.362
5931, 2.362
5932, 2.362
5933, 2.362
5934, 2.362
5935, 2.362
5936, 2.362
5937, 2.359
5938, 2.362
5939, 2.362
5940, 2.362
5941, 2.359
5942, 2.362
5943, 2.359
5944, 2.362
5945, 2.362
5946, 2.362
5947, 2.362
5948, 2.362
5949, 2.362
5950, 2.362
5951, 2.362
5952, 2.362
5953, 2.362
5954, 2.362
5955, 2.359
5956, 2.362
5957, 2.356
5958, 2.362
5959, 2.356
5960, 2.359
5961, 2.362
5962, 2.359
5963, 2.362
5964, 2.362
5965, 2.362
5966, 2.362
5967, 2.359
5968, 2.359
5969, 2.362
5970, 2.359
5971, 2.362
5972, 2.359
5973, 2.362
5974, 2.359
5975, 2.359
5976, 2.359
5977, 2.359
5978, 2.359
5979, 2.362
5980, 2.359
5981, 2.362
5982, 2.362
5983, 2.362
5984, 2.362
5985, 2.359
5986, 2.362
5987, 2.362
5988, 2.362
5989, 2.362
5990, 2.359
5991, 2.362
5992, 2.362
5993, 2.362
5994, 2.362
5995, 2.362
5996, 2.359
5997, 2.359
5998, 2.362
5999, 2.362
6000, 2.359
6001, 2.359
6002, 2.362
6003, 2.362
6004, 2.362
6005, 2.362
6006, 2.362
6007, 2.362
6008, 2.362
6009, 2.362
6010, 2.362
6011, 2.362
6012, 2.362
6013, 2.359
6014, 2.362
6015, 2.362
6016, 2.359
6017, 2.362
6018, 2.362
6019, 2.362
6020, 2.362
6021, 2.362
6022, 2.362
6023, 2.359
6024, 2.362
6025, 2.359
6026, 2.362
6027, 2.359
6028, 2.362
6029, 2.362
6030, 2.362
6031, 2.362
6032, 2.359
6033, 2.362
6034, 2.362
6035, 2.362
6036, 2.362
6037, 2.362
6038, 2.362
6039, 2.359
6040, 2.359
6041, 2.362
6042, 2.362
6043, 2.362
6044, 2.362
6045, 2.362
6046, 2.362
6047, 2.362
6048, 2.362
6049, 2.362
6050, 2.362
6051, 2.359
6052, 2.359
6053, 2.362
6054, 2.362
6055, 2.359
6056, 2.362
6057, 2.362
6058, 2.362
6059, 2.359
6060, 2.359
6061, 2.362
6062, 2.362
6063, 2.362
6064, 2.362
6065, 2.359
6066, 2.359
6067, 2.362
6068, 2.359
6069, 2.362
6070, 2.359
6071, 2.362
6072, 2.362
6073, 2.362
6074, 2.362
6075, 2.362
6076, 2.365
6077, 2.362
6078, 2.362
6079, 2.362
6080, 2.362
6081, 2.362
6082, 2.362
6083, 2.365
6084, 2.362
6085, 2.362
6086, 2.359
6087, 2.362
6088, 2.362
6089, 2.362
6090, 2.362
6091, 2.362
6092, 2.365
6093, 2.362
6094, 2.359
6095, 2.359
6096, 2.362
6097, 2.362
6098, 2.362
6099, 2.359
6100, 2.362
6101, 2.362
6102, 2.362
6103, 2.362
6104, 2.362
6105, 2.362
6106, 2.362
6107, 2.356
6108, 2.356
6109, 2.359
6110, 2.359
6111, 2.359
6112, 2.356
6113, 2.362
6114, 2.359
6115, 2.362
6116, 2.359
6117, 2.359
6118, 2.359
6119, 2.359
6120, 2.359
6121, 2.359
6122, 2.359
6123, 2.359
6124, 2.359
6125, 2.356
6126, 2.359
6127, 2.359
6128, 2.356
6129, 2.353
6130, 2.359
6131, 2.362
6132, 2.362
6133, 2.362
6134, 2.362
6135, 2.362
6136, 2.359
6137, 2.359
6138, 2.359
6139, 2.359
6140, 2.362
6141, 2.359
6142, 2.362
6143, 2.362
6144, 2.362
6145, 2.362
6146, 2.359
6147, 2.362
6148, 2.359
6149, 2.359
6150, 2.362
6151, 2.362
6152, 2.362
6153, 2.362
6154, 2.362
6155, 2.362
6156, 2.362
6157, 2.362
6158, 2.359
6159, 2.359
6160, 2.359
6161, 2.359
6162, 2.356
6163, 2.359
6164, 2.362
6165, 2.362
6166, 2.362
6167, 2.362
6168, 2.362
6169, 2.359
6170, 2.362
6171, 2.362
6172, 2.362
6173, 2.359
6174, 2.362
6175, 2.362
6176, 2.362
6177, 2.362
6178, 2.362
6179, 2.362
6180, 2.359
6181, 2.359
6182, 2.359
6183, 2.362
6184, 2.362
6185, 2.362
6186, 2.362
6187, 2.362
6188, 2.359
6189, 2.362
6190, 2.362
6191, 2.362
6192, 2.362
6193, 2.362
6194, 2.362
6195, 2.362
6196, 2.362
6197, 2.362
6198, 2.362
6199, 2.359
6200, 2.362
6201, 2.359
6202, 2.362
6203, 2.362
6204, 2.359
6205, 2.362
6206, 2.362
6207, 2.362
6208, 2.362
6209, 2.365
6210, 2.359
6211, 2.362
6212, 2.362
6213, 2.362
6214, 2.362
6215, 2.362
6216, 2.362
6217, 2.362
6218, 2.362
6219, 2.362
6220, 2.362
6221, 2.362
6222, 2.362
6223, 2.362
6224, 2.362
6225, 2.362
6226, 2.362
6227, 2.365
6228, 2.362
6229, 2.362
6230, 2.362
6231, 2.362
6232, 2.362
6233, 2.362
6234, 2.362
6235, 2.362
6236, 2.362
6237, 2.362
6238, 2.359
6239, 2.359
6240, 2.362
6241, 2.362
6242, 2.362
6243, 2.362
6244, 2.362
6245, 2.359
6246, 2.359
6247, 2.362
6248, 2.362
6249, 2.359
6250, 2.359
6251, 2.359
6252, 2.362
6253, 2.362
6254, 2.362
6255, 2.362
6256, 2.362
6257, 2.359
6258, 2.362
6259, 2.362
6260, 2.362
6261, 2.362
6262, 2.362
6263, 2.362
6264, 2.362
6265, 2.362
6266, 2.362
6267, 2.362
6268, 2.362
6269, 2.362
6270, 2.362
6271, 2.362
6272, 2.362
6273, 2.362
6274